,0,1,2,3,4,5,6
AAACAAGTATCTCCCA-1,0.19746745090817494,2.1783587047239953e-09,1.7347815210515818e-10,2.4470597341572573e-05,3.506552628118857e-24,0.8025080761426467,6.2517494301931925e-18
AAACAATCTACTAGCA-1,4.894490079049705e-09,5.129458884574166e-06,0.9999947749828163,8.593626348728016e-08,5.676119560460413e-16,4.7189867036619904e-09,8.558268783207405e-12
AAACACCAATAACTGC-1,1.0056172334989537e-09,1.9554620198260905e-15,9.139687301427929e-10,0.00040714720639386696,0.03233272524994992,1.3382480999328308e-13,0.9672601256239345
AAACAGAGCGACTCCT-1,0.00011761244000767263,0.11319412289669903,0.8836129076052314,9.85283793974623e-06,6.457865957247311e-14,0.003065504219414083,6.434808886109055e-13
AAACAGCTTTCAGAAG-1,0.9922869197723453,3.070583444014054e-09,3.3403416264602014e-09,0.004445049067081957,4.891538927818431e-17,0.0032680247492381533,4.0989833920518285e-13
AAACAGGGTCTATATT-1,0.9928490716774014,5.636183758792372e-10,1.4470091342334494e-10,0.0006695718447252747,7.469011676059869e-19,0.006481355769548748,5.038807870757606e-15
AAACAGTGTTCCTGGG-1,4.269651630264225e-20,1.1911434509156436e-23,7.027111992132797e-20,1.6710276914508677e-15,0.999999999998098,1.127019857496772e-23,1.900188529187162e-12
AAACATTTCCCGGATT-1,0.9696347682171624,5.744086279261451e-08,4.1449515286099405e-08,0.02439706309388136,6.516896064001963e-19,0.0059680697781148975,2.0463430069092903e-11
AAACCACTACACAGAT-1,0.01622397669098421,3.049717389235313e-08,3.8660838682582813e-10,6.646061899092882e-06,1.768915971772521e-22,0.9837693463633345,3.647240757993036e-18
AAACCCGAACGAAATC-1,0.30139769304268277,3.0055864169967053e-07,2.7509485825901682e-09,0.0010582610221650573,1.2206611502865405e-20,0.6975437426255555,6.385980956673452e-15
AAACCGGGTAGGTACC-1,0.9519721292769189,7.479404222906787e-08,3.581928033294752e-07,0.0013689332629947695,5.3263612585360404e-15,0.04665850447322756,8.082929931332575e-15
AAACCGTTCGTCCAGG-1,0.9969740390913181,6.457172270924709e-08,2.886326176549376e-08,0.00078407304000106,5.799237060387435e-13,0.002241794433030301,8.601195938754811e-14
AAACCTAAGCAGCCGG-1,0.9933167154989041,2.2619883792978554e-10,5.973838756697329e-12,0.00144137177268113,1.1615345244273049e-18,0.005241912496239976,2.240501459452346e-15
AAACCTCATGAAGTTG-1,0.9775938923576037,1.1562344320243663e-09,1.2461695708883274e-10,0.001908826419754285,1.2538273688072635e-17,0.020497279941773514,1.696829338111398e-14
AAACGAAGAACATACC-1,0.02968546698281929,0.03191383986972451,0.8708628006255231,0.013331588199599712,1.0455269156691203e-11,0.05420630393762739,3.742505508091667e-10
AAACGACAGTCTTGCC-1,0.2328045103143376,1.1556254204840021e-07,7.018847626763234e-10,2.495710353273053e-05,3.004294252361819e-23,0.7671704163177028,4.464048514076555e-19
AAACGAGACGGTTGAT-1,0.359020022007175,8.676678577661881e-05,0.0001468143158844255,0.0009129209685194572,8.962376169544922e-20,0.6398334759223022,3.4223743292879627e-13
AAACGCCCGAGATCGG-1,0.004739505493289936,1.8219615714809142e-07,8.560627550521077e-09,7.50866311401664e-06,4.177185263229995e-23,0.9952527950868113,6.618476554153932e-18
AAACGGGCGTACGGGT-1,0.9881882928867038,1.1214841353662137e-10,2.0639456740252033e-11,0.008484360884190214,1.057462750973893e-18,0.003327346096232631,8.528608284360041e-14
AAACGGGTTGGTATCC-1,6.380226227972331e-12,0.030529048341767295,0.9694709514060631,7.250838851477115e-13,3.771985900286341e-21,2.450644192925734e-10,5.834861523435021e-21
AAACGGTTGCGAACTG-1,0.779762627127463,8.364762174736253e-07,2.2307517905063264e-06,0.0397352318626045,9.061543413391903e-16,0.18049907371408158,6.78419769527431e-11
AAACGTGTTCGCCCTA-1,8.775866604656576e-06,0.9988003851174276,0.000864033187890741,3.517657555848204e-07,1.2018823670148732e-19,0.0003264540623213587,1.0726800655972922e-16
AAACTAACGTGGCGAC-1,0.03707558187110563,1.728324204665746e-05,9.342066569623515e-07,0.00020767937820150313,1.4374527886309636e-20,0.9626985213019883,1.1421838954807557e-15
AAACTCGGTTCGCAAT-1,0.9382024257292372,3.852569059890574e-11,4.804633853352155e-09,0.061783738302962174,4.76059032319827e-13,1.383093538269076e-05,1.8878227799123613e-10
AAACTCGTGATATAAG-1,0.0005728928871647852,0.04782310444965512,0.9503019334062202,0.00011855958945927534,7.713273877708706e-18,0.0011835096674610245,3.974229017471435e-14
AAACTGCTGGCTCCAA-1,0.9879093927846417,1.0259687520173776e-10,5.103114072642925e-12,9.48948516220531e-05,2.926696308635547e-22,0.011995712256036186,4.079301748303321e-17
AAACTTGCAAACGTAT-1,0.9965309846645056,3.062484955639885e-08,1.3207815076075704e-07,0.002108975177610584,1.7417786543919185e-17,0.0013598774548071722,7.62661755793024e-14
AAAGAATGTGGACTAA-1,0.010813641092701675,4.083400335176755e-12,3.2427416752487498e-09,0.9890535392364229,8.525993501641853e-10,2.4204701897068402e-06,0.00013039510126121006
AAAGACATGAAGTTTA-1,0.00030163491521726765,2.7266049658795002e-08,6.661263849509649e-10,6.465678904997818e-07,1.0573853209999868e-22,0.9996976905847162,2.3275305866722327e-18
AAAGACCCAAGTCGCG-1,0.00023886044018768808,0.008473811244075997,1.0040435215466338e-06,5.1244991843993006e-08,6.60118960173605e-26,0.9912862730272228,4.386185810432992e-21
AAAGACTGGGCGCTTT-1,0.9986323809297457,1.1820646417990737e-11,2.647368975767419e-13,1.3410093562181803e-05,7.764029204046328e-24,0.0013542089646068356,4.1620767381476156e-20
AAAGGCTACGGACCAT-1,0.9922517284558238,2.2964976307609717e-11,8.241906436822805e-11,0.00035138157936822874,6.320300416453032e-19,0.007396889859423252,7.521267930389735e-16
AAAGGCTCTCGCGCCG-1,0.9975268126555789,2.2580383859145052e-11,6.979545155243543e-11,0.0005348646068761084,1.3898578060809206e-16,0.0019383226451467502,2.2174480488548522e-14
AAAGGGATGTAGCAAG-1,0.39482571965168123,3.247680833960685e-05,3.5402498404375575e-05,0.0009069186347701363,3.5401975267989266e-15,0.6041994824063278,4.733775765470611e-13
AAAGGGCAGCTTGAAT-1,0.7349939324768063,1.883373689096657e-07,1.1948585580305012e-08,8.339244593913722e-05,3.0589214210629755e-22,0.26492247479129977,1.1477646043157967e-16
AAAGGTAAGCTGTACC-1,0.005678556647923916,0.9619129178593859,0.011654179251461623,3.213539274481472e-05,2.6364373776447775e-21,0.020722210848377817,1.0568491189023154e-13
AAAGGTCAACGACATG-1,0.4985882380880288,4.228888485082049e-08,7.193015932275045e-10,0.00014440186177691212,2.716925315066828e-22,0.5012673170420078,1.8846856248371667e-17
AAAGTAGCATTGCTCA-1,0.9831673461481416,8.52131021219985e-11,4.1518197229160414e-12,0.00012172411391196641,5.046650198211553e-20,0.016710929648581632,1.0647468512356217e-16
AAAGTCACTGATGTAA-1,0.02176534183324058,0.15267892722208418,0.00025990744757344036,7.369924827089062e-05,8.77907749591578e-19,0.8252221242488278,3.170666302535313e-15
AAAGTCGACCCTCAGT-1,0.9511749676546929,1.0204110557936993e-06,1.9180911646535725e-08,0.0018251365970821834,6.997268200149209e-18,0.046998856156251274,6.434140227636062e-15
AAAGTGTGATTTATCT-1,0.6064762616919277,1.4611124370788346e-06,1.4623005521893484e-08,0.00016270117964423082,1.36220586429515e-23,0.39335956139298556,1.148063941573932e-16
AAAGTTGACTCCCGTA-1,0.4426355156442052,3.690979318972048e-07,8.229651482879374e-07,0.004616956846391605,2.8907240519340187e-16,0.5527463354457155,6.073294986773744e-13
AAATAACCATACGGGA-1,1.4171700988288502e-06,0.00024710085148147364,0.9996679115870989,2.2395377314578397e-05,1.2122852401022785e-15,6.117499911812116e-05,1.4887015879469428e-11
AAATAAGGTAGTGCCC-1,4.11492989294161e-08,0.840282443117952,0.15970557789887177,4.587796898384054e-09,1.489813421737112e-19,1.1933246080357386e-05,3.542254560234558e-17
AAATACCTATAAGCAT-1,0.9957095033222256,3.7695391924389335e-09,1.2374790808725788e-09,2.8030867489880274e-05,6.497592111457651e-22,0.004262460803266221,5.767500599597054e-18
AAATAGCTTAGACTTT-1,0.06867710174829587,3.228402452418739e-06,7.024788470232168e-08,0.00565664491759659,5.954783117778364e-21,0.9256629546836318,1.3851621641059826e-13
AAATAGGGTGCTATTG-1,0.99531300613536,4.2154294724079414e-11,1.0609290537983362e-11,0.0036511826097180094,2.0206376487648066e-17,0.0010358112021386391,1.9914812873504158e-14
AAATCACTCCTAAACG-1,0.958205323382099,4.789952786101245e-10,1.9825161611165273e-10,0.003241752270355119,6.015471637161656e-20,0.03855292367029838,5.358251622988382e-16
AAATCCGATACACGCC-1,0.9895238922129052,1.128527866264914e-11,7.995306030972451e-12,0.000713311286620226,5.59085018616598e-19,0.009762796481188291,6.039086972426797e-15
AAATCGTGTACCACAA-1,0.9137334431969099,3.6665827618366043e-10,3.675575032850551e-07,0.08343929073192755,1.350819287066737e-10,0.0028268967625871724,1.2493319058457522e-09
AAATCTAGCCCTGCTA-1,0.5430451425153839,2.6217210012227775e-07,2.6940804349545162e-08,0.0010435978585610932,1.898821994263637e-18,0.45591097051308727,6.334135421451191e-14
AAATGACTGATCAAAC-1,0.2656567563037024,8.813387500155938e-10,5.814375752845677e-08,0.7341726540279816,6.704527979274172e-06,0.00016373808532298592,8.80299172837488e-08
AAATGATTCGATCAGC-1,1.702806336460555e-08,0.0031365762097564018,0.9968632629712972,1.0625914189621156e-08,6.078499342923314e-17,1.3316496846232295e-07,1.7945413397845896e-16
AAATGCTCGTTACGTT-1,0.43779225983459746,2.537488456370061e-07,1.248415326877998e-07,0.00018330497221621516,1.020504130078254e-20,0.5620240566028071,8.903944943547272e-16
AAATGGCATGTCTTGT-1,0.00013274712655175576,0.9949744877330582,0.0047723216490116824,5.736901089505396e-09,1.8237403919935133e-21,0.00012043775447734575,7.10266459116798e-21
AAATGGCCCGTGCCCT-1,0.8658516666834094,4.88153543168951e-09,8.003807975395281e-08,0.12792823039816323,0.00543921397758733,0.0007807752507991851,2.877042569372574e-08
AAATGGTCAATGTGCC-1,0.9195250267023579,2.0833630253882496e-10,5.367238696173115e-10,0.00012797434001984148,8.141939015282588e-22,0.08034699821256203,6.710227305048584e-17
AAATGTATCTTATCCC-1,0.9640006087369889,1.409107225749156e-06,1.176763544240664e-06,0.002788604760852476,3.167821592368328e-16,0.03320820063125674,1.3159785591802887e-13
AAATGTGGGTGCTCCT-1,2.246893808984918e-12,0.1161204270512116,0.8838795697828172,7.183703099947189e-13,9.511300215396075e-25,3.1630059261774777e-09,1.2849145313610311e-20
AAATTAACGGGTAGCT-1,0.9796067249895573,9.677867504202914e-12,4.660607488003082e-12,1.2470663037940104e-05,2.8071311644966e-23,0.020380804333066372,1.24720080547766e-19
AAATTAATAAGCGCGA-1,0.9839707763284122,8.705338256734806e-09,1.2841807519574045e-09,4.385895707665728e-05,2.457600233508193e-22,0.015985354724992178,4.475446262643005e-17
AAATTACACGACTCTG-1,0.0002607009576531451,0.08262955771446358,0.9170692408422081,2.304103307771212e-06,6.620657145878774e-20,3.8196382333015106e-05,3.4508704114593364e-14
AAATTACCTATCGATG-1,1.1042938075897445e-05,0.997780002824958,0.002133188839283763,6.033535490149445e-10,3.7546987710454644e-26,7.576479432867692e-05,3.939060328728895e-23
AAATTCCAGGTCCAAA-1,0.18617332783456994,0.03878504989469854,5.365841739120464e-05,0.010111308502584704,5.510541497489977e-20,0.7648766553507017,5.3889261197826895e-14
AAATTGATAGTCCTTT-1,0.5106456240497986,7.090327025305742e-07,6.665344983199453e-09,0.470651922055059,5.007526544004551e-10,0.01870139400250442,3.4369383771815696e-07
AAATTGCGGCGGTTCT-1,0.004923319679294317,5.7063501288305144e-08,1.6536326201252518e-09,1.070739428930023e-05,8.65241563656392e-24,0.9950659142092824,2.6934713292974446e-18
AAATTGGTGAGAAGCA-1,7.694911999403959e-07,0.9977330870695731,1.416766051013691e-06,1.4873857774290549e-08,4.876456282953481e-23,0.002264711799317997,1.8702292482898537e-20
AAATTTACCGAAATCC-1,0.003998761531227283,0.7780967514138994,0.001235080778378753,1.093097735482002e-05,1.6553514448464266e-22,0.21665847529913862,1.294500110009239e-15
AAATTTGCGGGTGTGG-1,0.9854315990443028,1.595393797496346e-08,2.596285016302802e-08,0.01318719574361588,1.7337335675226365e-14,0.001381163276603969,1.8672049077020004e-11
AACAACTGGTAGTTGC-1,0.8285365813795071,4.965032115224095e-11,2.192167172054231e-11,0.0009733440190727136,4.207575496113028e-19,0.17049007452965742,1.9051867682402019e-13
AACAATACATTGTCGA-1,7.815124695039087e-07,3.589432261438473e-12,3.639808629216371e-08,0.019139550832564228,9.11067082426058e-05,1.3306764687913746e-09,0.9807685232143716
AACAATTACTCTACGC-1,0.5642182167039189,1.5994196256459374e-07,2.957512870593679e-10,0.0016304683302022628,1.577956861487872e-16,0.43415115472807797,8.710115794923811e-14
AACACACGCTCGCCGC-1,0.9898171113281437,4.1728377537461024e-11,2.7899616424241504e-13,0.001419230738772405,7.297975846886242e-22,0.008763657891075314,1.5687345996258373e-15
AACACGACTGTACTGA-1,1.084267585145546e-08,0.9608795424624433,0.03910374061938839,4.990201046163804e-09,3.0452800186552153e-21,1.670108529055891e-05,9.08400902710316e-16
AACACGAGACGCGGCC-1,0.9975730150679878,6.259665616477485e-09,2.686201036174237e-07,0.0015724796156794457,7.037129310500607e-13,0.0008542304357304372,1.2936262100744182e-13
AACACGCGGCCGCGAA-1,0.0009556309609729146,0.6535891900246863,0.02597240996237999,0.000688632909685112,9.82370653671537e-13,0.3187941354863299,6.549632669185254e-10
AACAGCTGTGTGGCAA-1,1.0903238417108915e-11,1.0348751471496785e-20,2.205951136488736e-19,0.00018840827800968763,0.009337839321532648,2.220704128051753e-15,0.9904737523895523
AACAGGAAATCGAATA-1,7.21901849028697e-05,0.850882554500435,0.0010947167030415483,8.914181710151112e-09,4.4303205452157366e-26,0.14795052969743877,5.505697484176406e-21
AACAGGATGGGCCGCG-1,0.9659185835364558,5.149800740667633e-08,8.597789963514392e-07,0.027742176875255473,1.3937760616643838e-14,0.00633832829465631,1.6614736565274918e-11
AACAGGTAGTATGGAT-1,0.7163473835432025,1.7676986926456468e-06,2.813647774919383e-07,0.0166779835723044,3.5256453551426633e-19,0.2669725838113466,9.676274128502397e-12
AACATAGCGTGTATCG-1,0.019108962571304195,3.1239486869676987e-13,1.1607574552856816e-12,0.980873030047342,9.39556720297115e-13,1.650867851743399e-05,1.4987004236696199e-06
AACATATCAACTGGTG-1,2.8059715583350144e-08,0.9998562907332871,0.00012610255768879484,6.65125792778406e-11,1.4760214260192047e-25,1.7578582795946376e-05,1.8095253247954418e-20
AACATCGATACGTCTA-1,9.484652915639514e-09,0.9994710469788458,0.0005263999398542093,2.0376755882299582e-11,1.132720750914269e-23,2.5435762702496716e-06,2.6356778592445396e-21
AACATTGTGACTCGAG-1,0.9830772495453532,4.150243701512212e-09,1.5137518522751308e-08,0.0007860653651807921,1.2296810411682873e-16,0.016136665801684786,1.867735707313085e-14
AACCAAGACTTCTCTG-1,0.996853612185821,2.492295849758082e-10,6.143834469155159e-10,0.00230949025799577,1.8158661703639816e-16,0.0008368966923255395,2.44684595114297e-13
AACCAGTATCACTCTT-1,5.5598565354272065e-06,0.8330981332669476,0.00021859943885194102,2.562290432016945e-09,1.1610969342923637e-27,0.16667770487537475,1.0359790308845822e-19
AACCATGGGATCGCTA-1,0.014782832366781502,3.736222435556012e-05,2.5017942024883877e-08,1.145337234876366e-07,1.078222091492981e-28,0.9851796658571974,1.0669571673615685e-21
AACCCAGAGACGGAGA-1,0.33438829902061673,2.975534248740478e-07,4.517337583202035e-08,0.0001648640655360404,2.734514619358867e-21,0.6654464941870449,1.6643705673485787e-15
AACCCATCCCATGATC-1,2.7989745815555504e-10,1.049111654171641e-18,8.931705378937519e-14,3.2351567730409074e-05,0.8321579984790994,2.3043411235247852e-15,0.16780964967318104
AACCCGACAACCCGTG-1,1.0394441644633561e-14,8.544526652555863e-21,4.0327063956534916e-18,1.91055519996485e-09,0.9999994742055531,9.233413908393653e-19,5.238838813025568e-07
AACCCGAGCAGAATCG-1,0.29536036197579857,3.560910754177018e-08,3.914939373115309e-09,0.6755089954338268,1.0231888575847853e-17,0.029130599771719667,3.294608118110031e-09
AACCCGATAGGGCTTC-1,0.03010627542067114,1.1078274552270223e-08,1.6835349764273367e-10,6.21091969311079e-06,1.957712336779331e-22,0.9698875024130078,2.137818940576903e-17
AACCCGCTGTATTCCA-1,0.0015098318216045915,4.9162271476273666e-11,2.0281794548600284e-08,0.9036295080954425,0.08657678396795003,3.900150121165472e-07,0.008283465769033965
AACCCTACTGTCAATA-1,0.47536580355130925,3.1353273028760087e-06,1.3067657505180477e-07,0.0006147668115082379,5.461844959363198e-21,0.5240161636333038,6.457815092821391e-16
AACCCTGGTGGAACCA-1,0.00014075762110732405,0.00041830031786375374,0.9931705732126527,0.005779409293192381,4.029452957318767e-09,0.0004834883584355864,7.467167295405892e-06
AACCGAGCTTGGTCAT-1,0.012544951815341888,1.0836849065881864e-05,1.2467695278731666e-06,7.538249879508356e-07,7.286418373390007e-24,0.9874422107410763,1.976802255021222e-19
AACCGCTAAGGGATGC-1,0.2730502026525675,3.21097606112169e-08,1.5489484192827288e-09,0.0006975621119442635,7.144386364529491e-22,0.7262522015767782,9.177335593698687e-16
AACCGTTGTGTTTGCT-1,6.223221763485819e-09,0.6078179118001579,0.3921820639371671,8.507049690604426e-11,8.733980431993209e-16,1.7954381904489017e-08,2.2455330311692738e-17
AACCTAAAGCCGTCCG-1,0.07370129150133459,5.9954462256873525e-06,6.849836825200541e-08,0.01846630686992178,6.898840992237648e-18,0.9078263376817335,2.4162718619809814e-12
AACCTCGCTTTAGCCC-1,0.9522394180473477,8.552918790262676e-09,4.3870359640635496e-08,0.045467899282600116,4.7426842946283495e-18,0.0022926302421795107,4.5940615455369195e-12
AACCTGTCACGGAATT-1,0.2843746709455721,2.153960822869196e-06,2.0134426418698918e-07,0.34594127703585503,6.529047296044675e-19,0.3696816958419778,8.715081747311701e-10
AACCTTTAAATACGGT-1,0.9977556194492083,6.131948011331232e-14,1.9067199530266488e-12,0.0014566885005656103,1.419452168812438e-19,0.0007876920482386857,1.939941725225344e-14
AACCTTTACGACGTCT-1,3.099503053140192e-05,0.0007530117127884624,0.9989961827736127,4.849170826540999e-05,3.1043456264861146e-18,0.00017131877419277467,6.092742205309539e-13
AACGACCTCCTAGCCG-1,0.007210230238550937,1.2670890082915788e-11,1.1384084637197753e-08,0.9912927514556287,5.489343094883387e-12,7.724405865026364e-06,0.0014892824977104642
AACGATAATGCCGTAG-1,0.9841758994841177,3.970565125074344e-11,4.957677333090286e-11,0.014941630616106247,1.667716766241492e-15,0.0008824697965381638,1.3953797793778057e-11
AACGATAGAAGGGCCG-1,0.13099584059293157,2.738970138321503e-07,5.55853207848447e-10,2.7253705716292e-05,7.02951394094467e-17,0.8689766312484851,4.441586232982968e-17
AACGATATGTCAACTG-1,0.004454450128194935,1.2868342242653833e-05,2.294296116905855e-09,1.743819181216961e-08,3.923618125981326e-29,0.9955326617970746,1.089529980643236e-23
AACGCATGATCTGGGT-1,6.584791957312527e-07,1.6749578875611859e-06,0.9998979488725006,9.92017828284342e-05,2.9170976764826316e-17,5.126091376734644e-07,3.298450144887466e-09
AACGCGAACGGCAACA-1,0.04534439686898634,3.3855358432747024e-08,1.3828199413116863e-09,4.016328609568652e-05,1.778361547067102e-18,0.9546154046067388,8.191625304159228e-16
AACGCGACCTTGGGCG-1,4.15188117071678e-09,3.0462330330095406e-13,8.527323794958212e-11,0.0015248305645365495,1.053118235493897e-08,1.2056684442799185e-10,0.9984751545462552
AACGCGGTCTCCAGCC-1,0.028434529812558253,3.274594514201852e-07,1.0932696862332162e-07,1.7405610425738392e-05,3.04883280305548e-20,0.9715476277905952,6.725830517959734e-16
AACGCTGTTGCTGAAA-1,0.9913921095252318,1.4182296024654993e-08,3.1231693979377216e-09,0.0020734260570618593,1.0421076015056528e-17,0.0065344471122120015,2.8750976532609605e-14
AACGGACGTACGTATA-1,0.7338867262886546,2.464743156028498e-06,1.7726595869500917e-07,0.000803552877809786,9.099600886322599e-17,0.26530707882441584,5.127762519330082e-15
AACGGCCATCTCCGGT-1,0.9904978291822942,2.0291472642346357e-09,4.319983791353285e-11,0.0028775717028991584,6.336308824068372e-17,0.006624597041871863,5.877788261377708e-13
AACGTACTGTGGGTAC-1,0.9944358057744243,1.4149749591282187e-09,1.5158383796707166e-10,0.004256604762571768,1.0785483290981147e-11,0.0013075878594111907,2.6248405460127168e-11
AACGTAGTCTACCCAT-1,0.07842772651154817,0.07211577044773236,0.00023098908219591096,0.019553262674843495,3.0707315687207584e-16,0.8296722511584484,1.2523121240167988e-10
AACGTCAGACTAGTGG-1,0.2917096501723162,1.7033145238061695e-07,1.951208827873502e-08,2.5826109593229907e-05,1.7677949707522395e-24,0.7082643338745498,1.3607331375724134e-17
AACGTCATCCGGCTTG-1,0.20770203657498607,5.588136512371268e-09,5.592774485610832e-08,0.7922534806385141,2.2868925976285766e-05,2.034217020429025e-05,1.2101744379101238e-06
AACGTCGCTGCACTTC-1,0.0025435502577958245,1.8721010334787138e-11,3.3908817242601917e-08,0.9973518754502035,8.390420239765071e-13,5.3045918619352574e-05,5.149444500385441e-05
AACGTGATGAAGGACA-1,1.1039196886901353e-05,0.03545509902643537,0.9644383613220445,5.0132498483288063e-08,2.6845702849613944e-19,9.545032213470535e-05,3.5869235658546704e-17
AACGTGCGAAAGTCTC-1,0.6398706314343082,1.76424353834405e-07,2.1514339238033127e-09,6.146105525490933e-07,6.418741770068154e-25,0.3601285753793515,3.859077539205766e-23
AACGTTATCAGCACCT-1,0.9825140497236908,4.421511068558423e-11,5.721922562578744e-09,0.0003682660547598937,1.4834183600303426e-17,0.017117678455405717,5.757892860818471e-15
AACTACCCGTTTGTCA-1,0.31337913937054823,1.4253748497852193e-06,5.599180175524082e-07,0.0017326005986214091,7.363530466390264e-22,0.6848862747379483,1.4742349315092486e-14
AACTAGCGTATCGCAC-1,5.377763077293617e-09,0.0010136768103676723,0.9989863073756539,1.8733399235546685e-10,1.905490075904985e-23,1.0248881493205102e-08,4.895812836089639e-17
AACTAGGCTTGGGTGT-1,0.99670376814645,2.2484787699288515e-10,2.6347735555848356e-11,0.00191127086226543,3.123120348567786e-16,0.0013849607400057697,8.308045221554923e-14
AACTCAAGTTAATTGC-1,0.996373697159167,2.6108633713139473e-08,1.9094853880517743e-09,0.0001804547779002986,8.145786248218279e-18,0.003445820044811744,1.836672921512274e-15
AACTCCAGAGCGTGTT-1,0.9758210627085554,3.209809731309609e-08,8.961216297125739e-09,0.0022884369481584593,1.0448779334381126e-18,0.021890459283926,4.65692753068745e-14
AACTCCTAATCCCATG-1,1.8855258097762808e-07,0.07425954559449433,0.9257389028238663,1.0616193811007044e-07,2.723632422191566e-19,1.2568671149457709e-06,5.445364463729828e-15
AACTCGATGGCGCAGT-1,0.2681143272945179,2.6644299646543636e-07,5.725377762523358e-07,7.028396260547578e-05,2.5672190014979595e-20,0.7318145497621035,5.363926391122786e-16
AACTCTCAATAGAGCG-1,0.19300413832833707,5.045433705913603e-06,1.4819767986995313e-05,0.0016616512935818905,5.190838526032676e-17,0.8053143451762322,1.5600999707740836e-13
AACTCTCAGTGTGCTC-1,0.8881762671850747,7.985591704145786e-06,3.6820511866395925e-05,0.0033994440441704908,6.9835753159321826e-15,0.10837948266594889,1.2286905436954426e-12
AACTGAGGTCAGCGTC-1,0.062033229163722975,0.0011171403017814258,0.0007704458535184592,0.001511824935726041,2.1844822958210455e-20,0.9345673597452183,3.272260729189064e-14
AACTGATATTAGGCCT-1,0.007828063538654876,0.14694369829176107,0.0006656074391966706,8.308385701382411e-05,4.1130468829690215e-17,0.8444795468728812,4.923311164011653e-13
AACTGGGTCCCGACGT-1,0.007709049622869916,1.343827527215045e-06,9.698568224268797e-08,3.5504804055467023e-06,2.611502786022496e-20,0.992285959083515,2.3619971376294614e-17
AACTGGGTTCGAGCCG-1,0.0007522386611865947,0.8319364749629988,0.0015125842802350042,8.68835936295e-06,2.437985280203255e-26,0.16579001373621524,1.3261610851855027e-15
AACTGGTGTGGGCCTT-1,0.00026304305964160716,0.9963747150610798,0.0017374517254987558,1.1031569174268279e-05,2.1312497265378028e-20,0.0016137585845794734,2.6113269330954104e-14
AACTTCTGCGTCTATC-1,0.9900177712299472,5.219630329110734e-07,1.8753467805207814e-07,6.777982171069138e-06,7.870601916198302e-24,0.009974741290170836,5.492983257821915e-20
AACTTGCCCGTATGCA-1,0.6453857156186491,6.92643271171174e-07,1.3501600890952935e-06,0.03904940949281824,1.918133760765419e-17,0.31556283189870626,1.8646605435164276e-10
AACTTGCGTTCTCGCG-1,0.7046293540345191,1.4494599184543118e-07,3.6197386390894774e-08,9.663318500691141e-05,5.986916999297671e-19,0.29527383163709436,1.3643921232639225e-15
AACTTTACGGGAGCTT-1,0.9878936878254069,3.6015043945502634e-09,1.1098420495777887e-10,6.1004989084630666e-05,3.463796636210821e-22,0.012045303473020035,1.411654266535985e-17
AACTTTAGCTGCTGAG-1,1.5455553124049218e-07,0.20303776625843248,0.7969491524190377,1.845506223991615e-08,2.5003930986403864e-17,1.2908311936255445e-05,1.6995525238497961e-16
AACTTTCTCGATCATG-1,3.756350508439058e-09,0.1363759721345106,0.8636239857872906,8.256265007730954e-11,1.519740541556114e-21,3.823928555462746e-08,7.626950443290488e-19
AAGAAATCACCAGATT-1,9.479158472889621e-09,0.9882321785395964,0.011764695886112984,1.3102083664225704e-10,2.3917843233959775e-22,3.115964111276193e-06,3.474690610316871e-19
AAGAAGGATCAGTTAG-1,0.03484103978499986,5.151578284269007e-08,2.0658955421457613e-08,5.343833809443553e-07,5.394515350358781e-25,0.9651583536568809,3.0487918663975094e-20
AAGACATACGTGGTTT-1,0.858145778863529,2.0227436658592298e-12,4.7662133109871516e-11,0.12352961094565312,1.0532262090097854e-16,0.018324609526999266,6.141332787096373e-10
AAGACCCAACTGAACA-1,0.9429197176634134,1.4210910856333434e-07,4.087852589076255e-09,0.0017554085727826065,1.433156203127048e-14,0.055324727566790646,3.8089655701365064e-14
AAGACTAACCCGTTGT-1,0.00025569262516611936,0.6967373940076736,0.001314262740162664,0.0005114694067288535,6.68012436783245e-17,0.3011811803885854,8.316833620556978e-10
AAGACTCACGCCCACT-1,0.29235335018752495,3.0920305599965516e-07,3.61987719334264e-07,0.04864448357634157,1.517036304238315e-17,0.659001494901869,1.4348919502399824e-10
AAGACTGCAAGCTACT-1,0.16337019107797168,8.56478920245065e-07,4.517523115336374e-09,0.00020886391240547653,8.279753877958848e-21,0.8364200840131708,8.749228548771377e-15
AAGAGATGAATCGGTA-1,0.9833080718912494,5.689468411708294e-11,3.834368186642559e-10,0.003440424055275778,6.1564038898975366e-18,0.013251503612749687,3.9365805219946966e-13
AAGAGCTCTTTATCGG-1,0.24352606159940623,9.742608212724803e-09,1.0532201536665962e-11,3.634665952473712e-07,2.0304577467573366e-25,0.7564735651808581,4.265996991319785e-22
AAGAGGATGTACGCGA-1,0.9948401802000645,1.0732874852231458e-07,6.815234621122456e-08,0.0032124362995817578,1.104309084871224e-17,0.0019472080176182016,1.6408634721700505e-12
AAGAGGCATGGATCGC-1,0.2818969520547256,1.8376448585065124e-08,2.8230034516347827e-10,1.3816743919776805e-05,4.2673160363714525e-23,0.7180892125426056,2.8453587530845536e-18
AAGAGGCCCTTTGGAA-1,0.8354275824488463,3.3295457915585075e-06,3.7193072094013865e-08,0.02569601661587506,5.310241933724345e-19,0.13887303419611435,3.0065681792172986e-13
AAGATGGCACCGGACC-1,0.3652156551407095,2.3154128430350537e-09,5.76732647854005e-08,0.6274644923064194,3.788554870387064e-09,0.007319524315407803,2.64460230560895e-07
AAGATTGGCGGAACGT-1,0.005377996407609016,8.389628922275158e-05,1.1710082726730957e-08,7.658720799825394e-06,1.403479118288319e-18,0.9945304368722857,7.728319522535633e-17
AAGCACCCTGCGTATC-1,0.04659427412025183,7.666599676960772e-12,1.0536239688097326e-09,0.9533935942815716,3.256353900800407e-09,3.272602355966336e-06,8.854678176326742e-06
AAGCATACTCTCCTGA-1,0.9908761107314539,3.5140206096671454e-13,3.709476586032784e-12,0.008854166342829315,2.470957237934737e-15,0.00026972292029271076,1.3605489055454847e-12
AAGCCGAAGCGGTTTA-1,0.6243436803590833,6.836879324716163e-09,7.602447723143875e-09,0.00022149864830344433,4.403422913629483e-23,0.375434806553286,3.3049751723764133e-16
AAGCCGCCGTGAAATC-1,5.720110158797206e-14,1.086744304856018e-21,2.5896884293828897e-19,9.46802095734808e-09,0.9999837416112324,2.9726160131134055e-17,1.624892068940996e-05
AAGCCGCTTTACCTTG-1,2.0061277842325608e-09,0.9377027550617465,0.06229479065758136,1.5150733540894025e-10,6.562737329679183e-21,2.4521230370721353e-06,1.7519186502271688e-18
AAGCGCAGGGCTTTGA-1,0.9461723617898807,2.446162422286759e-08,3.657390350632737e-09,0.02764991071154132,6.169550658546979e-19,0.02617769937904947,5.136032136732671e-13
AAGCGGAGTGCGCGCA-1,0.005392985992463833,3.113868304711774e-08,4.817516985253337e-08,1.7095879201817431e-06,2.5195965607963948e-22,0.9946052251057631,6.314871972787054e-18
AAGCGGCGTCATGGGT-1,5.829769390240543e-10,0.993953235304629,0.006044331314264745,1.0310966798520572e-11,1.0898043181917293e-26,2.4327878183035308e-06,1.4174209420212934e-21
AAGCGTCCCTCATCGA-1,0.9764819826422158,5.378222995543595e-09,2.1661316418662438e-07,0.02225558131215211,2.53710354399442e-13,0.00126221300885547,1.0451356202934468e-09
AAGCTAGATCGAGTAA-1,0.9948675758154123,1.6756254819604218e-10,7.92870041447409e-12,0.0001288606255552157,1.3864702419887074e-20,0.005003563383541145,3.5397584738874594e-17
AAGCTCGTGCCAAGTC-1,0.3460470422107672,4.249151129921252e-08,2.3196357057860626e-09,0.000202248404696504,2.2392857545157676e-22,0.6537506645733865,2.8269346997249407e-15
AAGCTCTTTCATGGTG-1,0.9825088638748408,1.3152113611377878e-10,2.947810914161294e-09,0.01611801351350198,6.082719434943725e-16,0.0013731195126124138,1.971216864783878e-11
AAGGAGAACTTATAAG-1,7.624574699256724e-14,0.040442197394023376,0.959557802542254,7.824494027097697e-15,3.5859996428876576e-23,6.363851049641642e-11,1.533076042661419e-22
AAGGAGCGGTTGGTGC-1,0.7538167230157103,1.843623463245034e-07,3.2400678145543445e-07,0.0008802361240823314,6.274155211833597e-20,0.24530253249105452,2.4877393421033218e-14
AAGGATCGATCGCTTG-1,0.18928407190291313,2.1920711890535724e-08,1.99744852270509e-07,0.04593936719386973,2.7112078011683554e-16,0.7647763390537873,1.838654337660026e-10
AAGGATGAGGGACCTC-1,0.015063784497931004,1.4311555866072842e-08,6.360814817722418e-09,4.752739911523438e-06,2.5410152695033874e-21,0.9849314420897868,2.5553226015159722e-17
AAGGCAGGCTGTCTCC-1,0.05434851453017251,1.0383256917195856e-09,8.183094503891291e-12,8.931555936197646e-05,1.078528463234025e-23,0.9455621688639567,1.7283683679330937e-17
AAGGCGCGTAAAGCTT-1,0.933531288042698,2.774639962465285e-09,3.084288547818681e-09,0.0007925500801410074,1.3522495611314762e-16,0.06567615601819864,3.383875809430875e-14
AAGGCTGTGCTCATCG-1,0.9574089983657753,1.0508052505251527e-07,3.5457844799283395e-09,0.00023179727370833324,1.1742912569882214e-18,0.04235909573419612,1.0534718361989641e-14
AAGGGAACGACTGGCT-1,6.904657644304659e-17,1.899011960983347e-23,1.4191758890298847e-16,1.1113019697267195e-09,0.07042235826104774,7.728179132155351e-21,0.9295776406276501
AAGGGACAGATTCTGT-1,0.0009932721196341456,0.5125198903401158,0.15289612952942022,1.1541552198509945e-05,8.093820566157335e-18,0.3335791664584641,1.67152141419459e-13
AAGGGACTATGCATTC-1,2.908707922916579e-20,4.3614930471813397e-23,2.3627975125152967e-17,6.806076236097297e-11,3.882799039919555e-10,6.387465265939414e-22,0.9999999995436593
AAGGTATCCTAATATA-1,0.003357854507015454,4.823722379723426e-08,1.5545461100623747e-11,3.152469297526129e-08,2.6026597945442846e-26,0.9966420657155222,1.3363741324693774e-22
AAGGTGATAAACCAGC-1,0.6568837762282939,1.4135144470770117e-09,1.5447183641614097e-09,0.00010164445932016094,1.259376174700969e-22,0.343014576354153,1.8497418398230425e-17
AAGTAAGCTTCCAAAC-1,2.550532129420647e-07,0.02773579538610078,0.9722368764196747,3.132861451701572e-06,2.50275420149645e-15,2.394026476960412e-05,1.4787647320761377e-11
AAGTAGAAGACCGGGT-1,0.7447520549431887,1.2439263415763754e-06,4.686756227471225e-08,0.0003344384816372318,1.4863521612904885e-21,0.25491221578126044,9.90898200981726e-15
AAGTAGTGACGCGAGG-1,0.7494963944688251,3.709226904258449e-07,1.4114579665094243e-08,0.0006160012860117761,1.9818830258149024e-19,0.24988721920788246,1.0545604511860021e-14
AAGTCAATTGTCGTCA-1,0.01065434911485127,0.2475969248367388,0.7333076919502972,0.0005049192433499936,1.7027236715599137e-22,0.00793611485457995,1.8292307618126397e-13
AAGTCTAGTAGCTGCC-1,3.1508365865762727e-12,0.9991951463243203,0.0008047011103213816,4.164139000264624e-15,4.749317334702612e-28,1.5256220313169036e-07,7.571850923368145e-25
AAGTCTTCTGTGGCCT-1,0.9944738979096689,7.406747468799648e-09,1.4740913217940183e-08,0.0013752564791588472,3.23343142527864e-17,0.0041508234634421845,6.927503590655996e-14
AAGTGACGACCGAATT-1,0.9973410304330587,2.279793255720464e-09,4.565037338742617e-09,0.0012897115904461278,4.491492230737716e-18,0.001369251131633221,3.136943269537345e-14
AAGTGAGTCGGGTTTA-1,0.9910558821920166,2.3795649695228603e-09,5.435137734017784e-09,0.0026042624272638493,1.715445808849199e-18,0.006339847565887588,1.2921443096522568e-13
AAGTGCAAAGGTAGAC-1,0.9440683106672518,1.055686936397256e-09,4.615682723964679e-11,1.1122249990614789e-05,4.1202548271608504e-23,0.05592056598091384,7.778382804817779e-20
AAGTGCCTTGACTGTA-1,0.8635285356246931,0.0003389934053661666,9.168672303266835e-05,0.04724399316174137,1.598997294557766e-15,0.08879679103629945,4.8865826080296105e-11
AAGTGCGTTAGAATCT-1,0.910112807051195,1.9444814373563424e-09,9.316750001651885e-10,0.0006233369113203625,1.6832992184950366e-17,0.0892638531612792,4.9125993763430254e-14
AAGTGCTTCTCTATTG-1,8.670946229525632e-19,4.481360462384961e-24,5.870592169689506e-16,2.083560577137394e-10,0.8438356711536295,6.639891676487222e-23,0.156164328638014
AAGTGTTTGGAGACGG-1,0.936521724064047,3.651361101547871e-09,3.812327230956137e-10,0.02906710476813416,4.2110216796911255e-18,0.034411167130415796,4.809010682250139e-12
AAGTTCACTCCAAGCT-1,0.9772048700825638,1.6502495423738308e-13,3.322265125801243e-12,0.02242099705979694,7.861998780489223e-18,0.00037413285257941213,1.572382901657767e-12
AAGTTCAGTCTGCGTA-1,0.00038475956463622827,0.585007783946556,0.4132858689010041,0.0012209084117285785,4.3081124015199105e-12,0.00010063423674283973,4.493502420531022e-08
AAGTTCGGCCAACAGG-1,0.9592219207989261,4.233335165956735e-10,2.7985004264441144e-11,0.0005831248589901541,6.019324830971349e-16,0.040194953890732486,3.2184183768481093e-14
AAGTTGTGATGTTATA-1,0.40187510049676894,8.43734975850679e-10,4.4570513923765966e-10,0.5977482000737587,3.9406409894611416e-14,0.0003766376797094805,6.04602832680644e-08
AAGTTTACTAATGGCA-1,6.657674105302527e-07,0.009342490355714259,0.988798203039445,8.155578461454191e-07,3.998659417384368e-18,0.0018578252792738519,3.1029120356205814e-13
AAGTTTATGGGCCCAA-1,0.7809859232403643,1.780049546716446e-05,2.3252271160776221e-07,0.04759251598265973,2.4714814900049425e-13,0.17140352774829987,1.0250146852612147e-11
AATAACAACGCTCGGC-1,0.9849904721280037,1.0955072013366049e-06,2.3009757571662708e-07,0.002483133591639797,2.899976607728106e-16,0.012525068671771564,3.807795358857453e-12
AATAACACTAGAACAA-1,0.9992366262927393,4.692800870903335e-11,3.9496111457666246e-10,0.00043537419512961216,6.835984210798238e-12,0.000327999063229137,1.7692913586845237e-13
AATAAGTCCTCGAGAC-1,0.00031974151762305045,0.8980814494920466,0.10119827018557422,6.8583689379088135e-06,1.4009575250572404e-19,0.00039368043581817705,7.43561815714045e-17
AATACAATGTTTCAGG-1,0.5279762114643657,4.88575167454784e-09,6.463435566271726e-10,3.2490699155325054e-05,2.2774582550548714e-21,0.4719912923043837,2.4747303623980093e-17
AATACCGGAGGGCTGT-1,1.8100267260504348e-13,1.2497422049515042e-21,1.2682332203812114e-15,8.441340352353565e-08,0.999880752739097,7.599914955213133e-17,0.00011916284731709998
AATACCTGATGTGAAC-1,0.02355066170598002,3.454858292466292e-08,1.5877091513202806e-06,0.975968751644395,2.5986518227893515e-10,0.0004529947103981753,2.5969421627219166e-05
AATAGAACAGAGTGGC-1,0.997982680450714,1.0703774208557761e-10,1.6842058257978135e-10,0.00010889434248106412,2.883557542531315e-16,0.0019084249313442323,1.9281091918859923e-15
AATAGAATCTGTTTCA-1,0.7998526754828766,9.57310309264585e-09,3.178837860590734e-10,0.0008792190075517887,2.7558368160396745e-21,0.19926809561858427,3.699348581163916e-16
AATAGCAAGCCTCCTG-1,0.026826432801355646,2.4004339613724047e-07,1.4528393138721523e-09,9.763009301126981e-06,1.4652314315058202e-24,0.9731635626931078,7.971031150134578e-20
AATAGCTACCGCGTGC-1,5.280260518677886e-07,0.16102318044581668,0.8389557985418785,1.226813437169424e-07,1.4947383932165262e-17,2.037030490813778e-05,1.0759032814259491e-15
AATAGTCCGTCCCGAC-1,0.9993798164035915,6.51165953466596e-14,9.022472063130489e-13,0.0005500592139975235,1.5695577472223485e-14,7.012438141882538e-05,9.137264295164366e-15
AATAGTCGCGAGTCGG-1,0.955671438932398,9.230788220788885e-07,9.735859652194831e-08,0.0008777145600832174,1.5949650100642915e-17,0.04344982607009469,5.514515304906683e-15
AATATCAAGGTCGGAT-1,0.0856488849816085,0.16544590346252674,0.00023787500428484217,0.00028436045699241667,2.9476915977173116e-18,0.7483829760945695,1.812850966156116e-14
AATATCCTAGCAAACT-1,0.4480357812460952,1.0908609843365376e-07,0.00034588719302380567,0.5502296980311535,7.072296184315364e-16,0.0013885239048321433,5.38796225740255e-10
AATATCGAATCAATGC-1,0.8793284309269505,3.406501366861868e-09,1.5884089086036892e-08,0.0024835835594013153,3.050445745903127e-18,0.11818796622188456,1.1733213389658774e-12
AATATCGAGGGTTCTC-1,6.445114105377395e-11,0.000395040098372041,0.9996049229303796,6.293703804558751e-11,2.4903907700014266e-18,3.6843855170990454e-08,5.166933852855754e-15
AATATTGGAGTATTGA-1,0.9871691547738396,1.1437856329581553e-10,1.5190205566796454e-11,0.003970771490622956,9.437986211082428e-17,0.008860073605915572,5.275730037614195e-14
AATCAGACTGCAGGAC-1,0.0026819391070284156,9.819578678766522e-06,4.585891234918461e-06,2.748644119034446e-05,3.1161411870407735e-20,0.9972761689818673,2.3638241893275483e-16
AATCAGGTTTCATTTA-1,1.9360851140893943e-16,1.7836319699826496e-19,2.516297126732164e-18,4.6340528272990624e-11,0.9999999122581494,6.176983233252273e-19,8.769550980599603e-08
AATCATGTAAAGACTC-1,0.7983290079153834,1.690897439218527e-08,1.5883474642582748e-08,0.00016424301882827767,5.764338920647714e-20,0.20150671627333874,5.752722483332537e-16
AATCCAAGGGCCTGAG-1,0.0007221800913142939,1.0672263918887189e-06,3.3811483433844886e-07,1.8065296828208332e-06,2.6908411468817056e-23,0.9992746080377767,1.2465848373426704e-17
AATCCATGCAAGGGTG-1,0.024420329442798164,2.5050351095437664e-07,2.9558007441106712e-08,1.6833285756529123e-05,1.3246695515263521e-20,0.9755625572099267,2.478405442988663e-16
AATCCCGCTCAGAGCC-1,0.1328523656376382,1.9551097340042983e-10,3.2338049310139743e-07,0.8670130342515724,1.6761642227551277e-07,0.00013387782582021784,2.3109254291779437e-07
AATCGAGGTCTCAAGG-1,0.413090079922171,5.317074254899415e-07,2.0523693997580957e-05,0.5572957850140293,3.6286501224660626e-14,0.029593078083755612,1.5785846073460322e-09
AATCGCCTCAGCGCCA-1,0.855220081758035,3.197001980716147e-08,7.386355969498841e-08,0.000575392746565175,8.301013213516702e-21,0.14420441966179498,2.544252640769215e-14
AATCGCGCAGAGGACT-1,0.17546075505763115,4.4093592657432675e-08,8.321081243495057e-11,0.00016294713688071538,3.3010016211572687e-23,0.8243762536286845,1.1050500389725258e-16
AATCGGGACACTACGA-1,6.779787684822419e-14,0.9623779675236092,0.037622026029607444,9.534840127082582e-15,1.7938979802779135e-23,6.446706107233941e-09,5.440901572521238e-22
AATCGGTATAGCCCTC-1,0.050198751507150835,6.063550971231488e-14,4.2018855264175385e-11,0.9495433193411215,1.8764917346592118e-11,2.5769251523051664e-05,0.00023215983936026655
AATCGTGAGCCGAGCA-1,0.694133438738504,6.622604837462947e-09,3.6549589296926286e-08,0.30573629621098825,6.246003808569563e-06,0.0001239609499935159,1.4924511546180684e-08
AATCTAGGTTTACTTG-1,0.2175549799949173,0.00019807736229888754,9.162512687709757e-06,0.756164290550044,4.981566058298622e-12,0.026073372815152908,1.1675991780751302e-07
AATCTATGCCGGAGCC-1,7.023641165757762e-07,0.9883257361515208,0.011582011335157773,4.736613007363128e-08,2.2082729257051754e-19,9.150278307449746e-05,1.2796531171707207e-17
AATCTCTACTGTGGTT-1,0.9992604438492604,9.702538113746899e-10,1.8639153009265103e-11,0.0001306523242118445,1.3530762467194493e-17,0.0006089028376349495,3.945223647250394e-17
AATCTGGCTTTCTAGT-1,0.7536798013243081,3.928666841014322e-08,7.652208166405608e-07,0.24499362268231922,1.887495750012934e-10,0.0013253738119136792,3.9748522412095216e-07
AATCTGGGTAGACCCT-1,0.016815623356000602,8.466479416576486e-06,2.5584179240325834e-09,0.00013147685883089036,2.075378810256796e-21,0.9830444307473335,3.743856153533494e-16
AATGACAGCAATGTCT-1,0.9961614449229897,8.97909423776812e-07,8.585228104867581e-08,0.001614665641083323,1.0701242635132156e-13,0.0022229056740853113,2.9951264656391224e-14
