,0,1,2,3,4,5,6
AAACAAGTATCTCCCA-1,0.8629225814567122,3.149170045386445e-21,5.1526694741492336e-05,1.0921169519744156e-06,0.13688747151003836,0.00013732822155591414,8.83988073938636e-34
AAACACCAATAACTGC-1,0.9893736508911443,4.819291346583263e-17,4.27286008379811e-05,0.00152449053125941,0.008845143363373626,0.0002139866133846283,3.856579634696101e-27
AAACAGAGCGACTCCT-1,0.09300883556977439,1.8259987983809683e-20,0.03516817582761491,9.701723154088784e-09,0.8518125312123764,0.020010447688511096,7.84821020646007e-32
AAACAGCTTTCAGAAG-1,0.7358117376395968,2.221715742258732e-20,0.0034315180752458726,2.02975540308968e-06,0.25990378284923066,0.0008509316805235417,5.5049260708549515e-30
AAACAGGGTCTATATT-1,0.9943535676795847,4.841273969566748e-20,8.484789550125651e-07,7.240285355574614e-06,0.0056052488795473145,3.3094676557282195e-05,2.205877817935403e-31
AAACATTTCCCGGATT-1,0.9748301591182498,2.3346128994851937e-13,0.0024901367931507317,0.0065822138020680395,0.015630114439943114,0.0004673758463548242,1.715842402758413e-24
AAACCACTACACAGAT-1,0.0003727196122005094,1.77585986915417e-21,0.03523398047746809,1.4221504891683777e-10,0.01205745905158164,0.9523358407165348,6.318527200060545e-30
AAACCCGAACGAAATC-1,0.9239070765776368,2.199794462197114e-21,0.0007409682052287802,8.444405854456335e-07,0.07500173110786328,0.00034937966868555455,2.60429981792087e-32
AAACCGGAAATGTTAA-1,0.8553781585889063,3.9332662869854684e-22,0.0018250017500621133,7.456866683318079e-07,0.13691122404674555,0.005884869927617554,8.68674096379623e-35
AAACCGGGTAGGTACC-1,0.9917984351295744,1.0121156892116201e-19,1.535650044106515e-05,2.054742979687964e-06,0.008165754494409547,1.8399132595103687e-05,2.812290484773638e-30
AAACCGTTCGTCCAGG-1,0.9219513775326795,8.415433357353476e-13,0.0002499486020247255,0.07133246143877306,0.00642539339934952,4.0819026331642314e-05,6.104777350777187e-26
AAACCTAAGCAGCCGG-1,1.6598543788120222e-12,0.999890327088772,5.362304806958303e-14,0.00010357201982739591,4.6733575465537944e-17,4.9707945911515096e-18,6.100889687155241e-06
AAACCTCATGAAGTTG-1,0.9909416948201908,7.010736585992826e-25,1.1215987712571417e-05,3.697162803986959e-08,0.009020650514891804,2.6401705577021458e-05,3.396040586808083e-36
AAACGAAGAACATACC-1,0.014149974818622572,9.500255301402622e-26,0.00454618313782597,1.3386352794308545e-11,0.1837636213414202,0.7975402206887449,5.136733133561713e-36
AAACGACAGTCTTGCC-1,0.14110326717282456,1.0298805949351385e-17,0.33305732755138107,1.3474988994333856e-07,0.2463830233124712,0.2794562472134333,4.3515002699124645e-26
AAACGAGACGGTTGAT-1,0.10215493437584036,9.75267408796464e-24,0.020119519293837557,1.063103421764716e-09,0.8649888215094766,0.012736723757741914,1.0119744997422678e-33
AAACGCCCGAGATCGG-1,0.12987754148857436,3.6212811836007126e-22,0.0760037703692475,4.932576548381661e-09,0.6739918143989437,0.12012686881065791,1.089036320834218e-34
AAACGGGCGTACGGGT-1,4.112904599668235e-07,8.434967734250145e-05,1.7161311684483121e-09,0.9999152365242566,5.363780726525767e-11,7.53144666275576e-13,7.374187025599945e-10
AAACGGTTGCGAACTG-1,2.9558414955429718e-27,0.9999160980027559,9.213108915064177e-28,7.962592667829966e-14,4.893418038779905e-31,7.377310250412109e-33,8.39019971642946e-05
AAACGTGTTCGCCCTA-1,0.001590316603702841,9.221847617926884e-20,0.9593896409273458,2.0935106563609856e-08,0.017246179809791172,0.021773841724053746,5.483963756495301e-32
AAACTAACGTGGCGAC-1,0.05033917462126403,1.3032941610566588e-22,0.5312415320661491,4.795937872830609e-08,0.3345960139879726,0.08382323136523559,2.449989937876089e-32
AAACTCGGTTCGCAAT-1,4.244663362033024e-27,2.285215981231482e-06,1.6432593133564417e-25,2.6218832771871027e-17,1.1315583157304503e-29,6.188157626716725e-32,0.9999977147840189
AAACTCGTGATATAAG-1,0.0002791582784061516,1.4694132957590473e-22,0.7378725964331971,1.3387238925736253e-09,0.016237786466404898,0.245610457483268,1.7350097243424432e-32
AAACTGCTGGCTCCAA-1,0.9857130076072811,4.758850773004202e-24,1.9136170284607193e-05,9.230757351472494e-07,0.014047001920123479,0.00021993122657554623,7.760650285950788e-38
AAACTTAATTGCACGC-1,0.9798183836791061,2.331069822633479e-14,0.0011326551765954212,0.01087013410242444,0.008033066591197676,0.00014576045065310968,8.970887108365161e-23
AAACTTGCAAACGTAT-1,0.9917069831680443,2.947884703097263e-21,1.172567457126332e-05,5.533304278593507e-06,0.0082608669712064,1.4890881899399814e-05,2.284359282170732e-31
AAAGACATGAAGTTTA-1,0.001826619481623902,1.0825072180030067e-20,0.012545665039364953,6.578285930763155e-09,0.008075452161577703,0.9775522567391475,2.828766871028856e-31
AAAGACCCAAGTCGCG-1,0.24439783700039225,1.8963612563609552e-26,7.686469752085257e-05,1.0347813555313313e-10,0.7547845190399883,0.0007407791586204404,1.267633026869966e-38
AAAGACTGGGCGCTTT-1,0.588699208373376,5.1450791815612834e-20,0.010252363311745316,5.5895036783954606e-08,0.3796610324811867,0.021387339938655246,2.1389371418713958e-27
AAAGCTTGCCTACATA-1,6.407507480378326e-05,1.3022966544997085e-17,0.9721392375909458,2.513980602320336e-08,0.0068377873662611,0.020958874828183358,6.373601750940125e-30
AAAGGCCCTATAATAC-1,0.9853919979273361,3.408252120275543e-16,0.002135599856329322,0.0024233852965445516,0.007932721083980642,0.0021162958358090277,1.2154634324799785e-22
AAAGGCTACGGACCAT-1,6.087413418234879e-26,1.447915847363063e-05,2.3296807379031114e-28,4.220081137424626e-14,5.8985570622965985e-31,1.542959952842929e-31,0.9999855208414842
AAAGGCTCTCGCGCCG-1,0.000612859373335354,1.7920177347211352e-09,6.099654418440452e-10,0.9993870697411272,6.8470978280743e-08,1.2575970077699747e-11,1.2296632555914213e-23
AAAGGGATGTAGCAAG-1,0.05784619271386588,5.166631005148906e-24,0.00011569568485356291,4.949120859989154e-11,0.9400244134394461,0.0020136981123431473,1.0866980608440315e-35
AAAGGGCAGCTTGAAT-1,0.1786470176853197,7.261001668920593e-20,0.0015694489928076095,1.152727504077049e-06,0.8191592796972438,0.0006231008971248521,2.4105889470882967e-31
AAAGGTAAGCTGTACC-1,0.053676939911591164,6.679408586500077e-15,0.5298004699472595,0.00013767153005087054,0.26261017283986016,0.1537747457712316,1.1106718916527936e-22
AAAGGTCAACGACATG-1,0.03419850073143021,1.526661415429689e-17,0.7343938253577704,2.0576624706926e-06,0.20569822813442162,0.02570738811390711,2.583096105654435e-29
AAAGTAGCATTGCTCA-1,0.991981733982428,1.7754440154669203e-17,1.0526947125889585e-06,0.007357039317627831,0.0006579404420769214,2.2335631546478075e-06,1.1035520062098883e-27
AAAGTCACTGATGTAA-1,0.013113561518626018,4.480241009552531e-29,0.0015768804967389587,8.400920205710203e-12,0.857662254927262,0.1276473030489723,1.257593967158737e-41
AAAGTCGACCCTCAGT-1,0.9933431466135786,1.6866382270729603e-18,6.291996261881582e-06,5.592672035510536e-07,0.00663353749211416,1.646463084179221e-05,3.1210963533262676e-28
AAAGTGTGATTTATCT-1,0.8152023325093339,9.662139269503545e-23,0.00037646249086151933,3.673442625752855e-07,0.14203617448049596,0.04238466317504588,3.6184349344403495e-36
AAAGTTGACTCCCGTA-1,0.7991854443980321,2.6376375488863552e-21,0.002154326383350397,2.6474125206347084e-06,0.19828489171791205,0.00037269008818485266,4.690968081210199e-35
AAATAACCATACGGGA-1,0.0043089637788531875,1.7344155242325065e-12,0.5276510048841215,2.237306205161861e-05,0.17275049499917752,0.2952671632740619,1.0401373291351242e-19
AAATAAGGTAGTGCCC-1,0.001209223675987686,1.8463932976476597e-24,0.03044654929780334,3.116079631647716e-11,0.26349598096172133,0.7048482460333269,4.485842488913256e-36
AAATACCTATAAGCAT-1,0.7104898083160825,2.79720899855725e-25,0.0017542776203586768,2.0994896682844885e-08,0.20306344830345077,0.08469244476521129,4.9383248068886856e-37
AAATAGCTTAGACTTT-1,0.22712908649436542,2.3014966830223532e-20,0.08172549240551204,1.9586762826475359e-07,0.37253906663230796,0.3186061586001863,1.2127456471169367e-31
AAATAGGGTGCTATTG-1,0.9992767585994929,8.419587398658882e-18,1.3646351660992902e-05,0.0001468431661767223,0.00045895660305228454,0.00010379527961712777,4.9639490170695805e-31
AAATCCGATACACGCC-1,6.213312696777945e-08,0.0027752712939838283,2.071288125827713e-11,0.9972245988703912,3.1101009482767097e-12,1.4781365253985363e-15,6.767867362845413e-08
AAATCGTGTACCACAA-1,0.9848033454254942,9.280229284291164e-15,0.0007502830826347657,0.001842079962555469,0.01137474894032226,0.0012295425889840813,1.9397605743817523e-26
AAATCTAGCCCTGCTA-1,0.9851615761907797,6.367008573519167e-16,0.00020723212488895078,0.0008885109065937224,0.013338221835923305,0.00040445894181352025,3.6475972960358964e-28
AAATGATTCGATCAGC-1,0.0003984575740981319,2.2862818296899766e-20,0.9792579279499986,1.4481672372847836e-08,0.009977242785966607,0.010366357208264315,2.5641562246258553e-30
AAATGCTCGTTACGTT-1,0.036124440676657564,7.904466151439863e-25,0.006369868505871216,7.809947665393067e-11,0.9455919684475333,0.011913722291838468,7.535304892910637e-33
AAATGGCATGTCTTGT-1,0.04961915459756661,1.4740271101182356e-23,0.0014420998078466239,6.042122443090911e-11,0.9340534968496154,0.014885248684550195,3.818223562866286e-37
AAATGGCCCGTGCCCT-1,0.9389522863653919,3.08776849468585e-23,0.00010248870579952481,4.22605921099645e-06,0.06091653785355822,2.446101603942442e-05,9.309274500578538e-38
AAATGGTCAATGTGCC-1,0.7274430309288332,1.2113906614236542e-22,0.00012648654154020106,7.299859648717823e-08,0.27211380039838057,0.0003166091326495352,2.5573072088889707e-33
AAATGTATCTTATCCC-1,0.0017324341285868316,4.277700238632698e-19,0.05041527670195522,5.729009176012873e-08,0.05187663482705726,0.8959755970523089,7.282420819805136e-32
AAATGTGGGTGCTCCT-1,0.011598238617866467,4.197046148701054e-25,0.02327910417773136,2.8080262359675444e-11,0.8785986952217014,0.08652396195462041,1.2032153300848721e-35
AAATTAACGGGTAGCT-1,0.3993530276506576,6.472230491422791e-26,0.0007220479573380176,4.140106264113827e-09,0.5984419242781904,0.001482995973707828,2.3796544192479027e-37
AAATTAATAAGCGCGA-1,0.03665592327083064,5.243892702927587e-24,0.032814464610509304,1.0257730151460397e-09,0.27404017141941617,0.656489439673471,2.5421583335212295e-35
AAATTACACGACTCTG-1,0.000429545931876521,4.3691269766353775e-29,0.005742849392961212,6.558002164966962e-14,0.987290544399902,0.0065370602751947315,3.739401796114102e-40
AAATTACCTATCGATG-1,0.16499369775212017,9.00633000909143e-29,0.0006383217476725264,4.280548802557638e-11,0.8251522629399312,0.009215717517470624,1.0884396936029817e-39
AAATTCCAGGTCCAAA-1,0.021386693308465564,2.1182165132769723e-22,0.5255078672441363,1.0976820632837492e-09,0.33241766623579366,0.12068777211392256,5.5422982820144144e-33
AAATTGATAGTCCTTT-1,0.9855458482873591,1.149812142789562e-19,0.001216497465895296,7.801720071031968e-05,0.012777250749256728,0.00038238629677856897,1.3013253629341427e-30
AAATTGCGGCGGTTCT-1,0.0008412945155736849,2.038603617925841e-16,0.9404833531169962,3.2110351306457045e-07,0.011922375676441383,0.0467526555874754,2.5197924204593528e-24
AAATTGGTGAGAAGCA-1,0.004290779404804648,2.0230595855212636e-19,0.9117972328950943,1.2283696099807144e-06,0.011211863815850783,0.07269889551464045,2.2332075607326778e-29
AAATTTACCGAAATCC-1,0.005332382050000553,6.449218537757842e-24,0.01926238321065471,1.350014222062267e-10,0.3927083552401261,0.5826968793642171,4.253414073251519e-34
AAATTTGCGGGTGTGG-1,0.8998909132058821,4.1673016622463407e-22,0.0004900268386419694,3.9351730557587886e-08,0.09446173423971367,0.005157286364031821,1.1641576946288626e-33
AACAACTGGTAGTTGC-1,0.9628956988538993,7.019312235130794e-24,2.4145053531919345e-06,1.0756374861131734e-08,0.03707982973149694,2.2046152875912547e-05,1.387099220727333e-35
AACAATACATTGTCGA-1,5.112923436844962e-05,4.946181651162396e-08,7.26946291076919e-10,0.9999488143707269,3.2654316806594913e-09,1.199402070151759e-10,2.8207700149261718e-09
AACAATTACTCTACGC-1,0.986456382675724,4.564297811713928e-20,5.403394933632374e-06,1.603287830122243e-07,0.013420722865974784,0.00011733073458462569,6.479681984636476e-29
AACACACGCTCGCCGC-1,0.9599906015174773,4.293602022648936e-19,0.000615407745403605,5.08410541948495e-06,0.039321635656036115,6.727097566376451e-05,1.0967738611181648e-29
AACACGACTGTACTGA-1,0.10299064054141983,1.0180665815745961e-24,0.0008240175409971467,9.350760672022211e-10,0.8639252760721188,0.032260064910388096,7.547187002828188e-39
AACACGAGACGCGGCC-1,0.9945806152703283,6.143224682019697e-21,3.7545038301499794e-06,1.991677276285838e-05,0.005393795876329485,1.9175767492727864e-06,2.432034662548152e-33
AACACGCGGCCGCGAA-1,0.09165899538145404,1.7523302854677148e-20,0.0025810618556517833,2.222909394147583e-08,0.905190737223623,0.0005691833101772258,4.554423782965855e-29
AACAGCTGTGTGGCAA-1,0.8033686024091374,8.73961557780596e-13,6.322293372135762e-06,0.19601467214519286,0.0006095514076713732,8.517437522849319e-07,6.948010906753482e-22
AACAGGAAATCGAATA-1,0.0017743638169666072,2.4522985846054713e-25,0.00930771881622266,4.23383484345188e-10,0.3919869052434728,0.5969310116999544,2.6622062712216204e-36
AACAGGATGGGCCGCG-1,0.9334944731877448,1.907394965609425e-16,0.00017993816705079676,2.9947289635543762e-05,0.06610424865711195,0.00019139269845650867,1.0046470350877553e-24
AACAGGTAGTATGGAT-1,0.9913118923121074,1.860910063234093e-15,2.996260704002862e-05,0.0002617103112500721,0.00823142172001128,0.00016501304958941804,3.503685604013904e-25
AACATATCAACTGGTG-1,0.061032413315908855,8.280737438664656e-27,0.009158463563772402,4.4494901834660784e-10,0.572691683797194,0.35711743887817554,3.0034567395502117e-41
AACATCGATACGTCTA-1,0.0003682056213063534,8.362084970118655e-22,0.8761680942932725,1.5119862979947582e-09,0.0531793908322397,0.07028430774119497,1.5591486152493854e-30
AACATTGAAGTTGATC-1,0.9957108218801272,2.0680277352744266e-16,7.076150914160623e-05,0.0003290621716511355,0.003801891522126104,8.746291695387737e-05,7.837541344986281e-25
AACATTGTGACTCGAG-1,4.007779674336363e-22,0.0015731516978871938,1.8082381507351674e-18,7.574281902035138e-12,3.019628776733724e-23,1.4187881930910193e-22,0.9984268482945386
AACCAAGACTTCTCTG-1,0.9970910941369426,2.9467540330943765e-17,2.357498770521407e-06,2.730701418506534e-06,0.002892276585319312,1.1541077548761695e-05,6.360671684740967e-26
AACCAGTATCACTCTT-1,0.06220934013147995,1.5387302999045154e-24,0.0020837055974740415,2.0306617176377652e-09,0.8311359390420516,0.10457101319833265,1.6431329159503904e-33
AACCATAGGGTTGAAC-1,0.0965242398021613,1.1712490628284862e-09,1.9645548856970475e-06,0.9032756360786015,0.0001981530453468542,5.3477550808524065e-09,5.25537360621127e-16
AACCATGGGATCGCTA-1,0.7367059269104779,4.466329131203123e-24,1.3317887128790856e-05,2.0635528153616382e-07,0.26303354905916304,0.0002469997879488404,2.417735364587264e-38
AACCCAGAGACGGAGA-1,0.03552711424334992,1.3264462253877677e-25,0.035548327618347676,8.689862161837462e-10,0.9163230743681539,0.012601482901162227,2.1399720725025763e-36
AACCCATCCCATGATC-1,0.9925458095444318,4.963302723039295e-21,7.047025048991853e-05,1.8620811209201186e-06,0.007307923735587458,7.393438836978975e-05,3.0656239634011924e-31
AACCCGACAACCCGTG-1,7.256924399676181e-31,1.1884771082670694e-10,2.31942496700986e-31,4.5084573411107914e-20,2.8571026248347753e-35,6.787695367043472e-36,0.9999999998811522
AACCCGAGCAGAATCG-1,0.991300425543792,1.4431990012733238e-20,0.00025764659185492417,5.7472027550393514e-05,0.008281651800650538,0.00010280403615203465,6.477327149637594e-33
AACCCGATAGGGCTTC-1,7.121419179965163e-05,6.777655536931517e-18,0.8934064121410243,9.73527226504672e-09,0.0998112955655727,0.006711068366331019,6.430557553303535e-29
AACCCTACTGTCAATA-1,0.9186899685472548,5.517766186895595e-22,0.000505171671356148,8.277827269659343e-07,0.08055026301096663,0.0002537689876953708,2.4587317233414974e-33
AACCCTGGTGGAACCA-1,0.020232696757539175,1.4500283616412557e-25,0.04009727818629417,9.179593683678986e-11,0.6703472041746268,0.26932282078974396,1.1662434354685828e-37
AACCGAGCTTGGTCAT-1,0.029198417126024823,5.929666546470105e-24,0.002350670967424955,8.154124248958643e-10,0.959210147627715,0.00924076346342278,1.601479450785182e-35
AACCGCTAAGGGATGC-1,0.9497475501788604,4.946316426828088e-22,8.169570038653234e-06,4.116574408972032e-07,0.050226652645591056,1.7215948068919653e-05,2.4290068383421343e-35
AACCGTTGTGTTTGCT-1,0.09402171740687193,3.658018966180688e-20,0.02697098794598394,3.417374673992658e-08,0.8656158984824178,0.013391361990979544,3.0937329668599696e-30
AACCTAAAGCCGTCCG-1,0.7599587388358316,1.2749539956730615e-12,0.14186606373510352,0.0002913417667195729,0.09383352877452843,0.004050326886541722,1.370697619442624e-21
AACCTCGCTTTAGCCC-1,5.077525954682552e-06,0.00016096606439659398,5.057377442292392e-09,0.9998339512223643,1.01359763548152e-10,1.4639818048755498e-11,1.3907184943699447e-11
AACCTGTCACGGAATT-1,0.05357121958185617,2.6248824436226616e-25,0.013814688212932495,9.197061531222502e-11,0.9231671495834101,0.009446942529830474,2.855487772838031e-35
AACCTTTAAATACGGT-1,0.03414849714212537,5.038824728119809e-07,2.7408319089219998e-05,0.9658143526341433,8.783964524780824e-06,4.5405764422250905e-07,5.357735653522749e-16
AACCTTTACGACGTCT-1,0.04409087114108919,1.997081876607416e-14,0.10542779471026374,6.40042963104366e-06,0.8334916826490413,0.016983251069954707,5.0319431621620004e-27
AACGAAAGTCGTCCCA-1,0.38487763698750543,5.226344786935312e-11,3.761077136495428e-05,0.6135217072529663,0.0015614764455501907,1.568490349676305e-06,3.1513521287861465e-20
AACGATAATGCCGTAG-1,0.983799464722645,6.764137434829247e-16,0.003927145403381716,0.0025810616798694636,0.008269323777834042,0.0014230044162690547,8.808802526556089e-27
AACGATAGAAGGGCCG-1,0.46458394872633735,7.955650060786505e-21,0.0017691677035225485,6.475858730816047e-08,0.5318318452993046,0.0018149735122483088,3.913200061062537e-33
AACGATATGTCAACTG-1,0.013379477389267144,1.1052097057681015e-27,0.001960067920380473,5.942508527008608e-12,0.9613090371586981,0.023351417525711907,9.66238005771194e-41
AACGCATGATCTGGGT-1,0.050921704122833956,3.849752380717721e-24,0.4791034420609137,1.9093002489493116e-09,0.28604584084051266,0.18392901106643955,1.999862800422803e-34
AACGCGAACGGCAACA-1,0.00012318612756851528,1.510173792943205e-19,0.47629546582916366,9.060229558640647e-11,0.49152401142520513,0.03205733652746047,7.045129957288487e-29
AACGCGACCTTGGGCG-1,9.132639520034887e-37,4.778229081640632e-11,1.2243091965670712e-36,1.1151852099053149e-23,8.087925629928272e-41,6.731215113865381e-41,0.9999999999522178
AACGCGGTCTCCAGCC-1,0.005030253000567405,5.961575211656415e-28,0.056278598814595154,2.1411086582246843e-12,0.9225495879249924,0.016141560257703903,6.684414461652654e-37
AACGCTGTTGCTGAAA-1,0.9981750012631753,9.645838871878214e-18,2.8040313376632785e-05,0.0005241566969482066,0.0012677761768539347,5.025549645822436e-06,1.5519351407704536e-27
AACGGACGTACGTATA-1,0.9576632064079416,2.7797478770064506e-19,0.0001486366834417254,2.372833277007229e-06,0.04202706104409626,0.0001587230312436006,1.0525832780727285e-30
AACGGCCATCTCCGGT-1,0.996616590081441,8.868173886713311e-21,8.516416206839704e-06,2.915321045085563e-05,0.003323735835806383,2.2004456095013287e-05,8.577236141780083e-33
AACGTACTGTGGGTAC-1,0.9413735348561856,2.6990603496020756e-22,0.00097626382481186,1.911745440762197e-06,0.05575769581147089,0.0018905937620910833,3.229302668075016e-36
AACGTCAGACTAGTGG-1,0.8150956671613089,8.970233767418582e-18,0.0011624642981505023,8.673741291071294e-05,0.18236361946917573,0.0012915116584540497,1.6469096746315673e-29
AACGTGATGAAGGACA-1,0.048557526616179736,8.613303882195933e-26,0.004572276406708159,1.869537706810979e-09,0.8671801419020243,0.0796900532055501,4.510637846348119e-38
AACGTGCGAAAGTCTC-1,0.2946067685250595,2.987758765236982e-20,0.008768417538619531,6.688400674195934e-07,0.6940266901483351,0.0025974549479185643,5.008147087343647e-31
AACGTTATCAGCACCT-1,0.005791422743828737,7.399322669415281e-32,0.0001608325513347678,3.744698819936378e-13,0.9894389558300982,0.004608788874363604,2.650206771676759e-45
AACTACCCGTTTGTCA-1,0.9729836398915396,6.751505019427556e-17,0.0009707562109606937,0.00017414254927230308,0.025701999935268182,0.00016946141295930852,5.630748963366648e-29
AACTAGCGTATCGCAC-1,0.0006152759290122067,8.721879208579006e-21,0.3759816137600493,1.1364626396388043e-09,0.5642498490619543,0.059153260112521505,8.6259949766561e-30
AACTAGGCTTGGGTGT-1,9.392747266062237e-07,1.054351792958253e-10,3.2323449831650076e-15,0.9999990606191931,6.418096795490649e-13,1.377494355205555e-16,2.647596556249585e-28
AACTCAAGTTAATTGC-1,0.9194670150449928,1.0286085769228204e-22,5.827488238980124e-05,1.6798342997102372e-07,0.08000549576820486,0.00046904632098247365,7.241081016844045e-35
AACTCCAGAGCGTGTT-1,0.0026188159696055252,1.1280380323409502e-09,4.685586269137809e-06,0.9973603852246791,1.60495462395484e-05,6.254516859325687e-08,1.063614930257603e-21
AACTCCTAATCCCATG-1,0.03041713409812229,3.1527988123372416e-17,0.5209068258710916,4.1934877071454704e-06,0.1817626698547857,0.2669091766882932,7.684439872702595e-27
AACTCGATGGCGCAGT-1,0.04227960453780092,1.2665827073653321e-27,0.00032638623412235336,1.5162256436888174e-11,0.9548559370251722,0.0025380721877422195,6.118217278742401e-39
AACTCTCAATAGAGCG-1,0.5726974348220812,4.5334095741919366e-26,0.004010704073469782,1.4495615136963455e-09,0.4128843542843704,0.010407505370517137,3.3030083224382663e-38
AACTCTCAGTGTGCTC-1,0.9937453460574437,7.350420698160968e-18,7.234646419257608e-06,0.005653165885340369,0.0005843126047881853,9.940806008560077e-06,1.3880951367586936e-28
AACTGAGGTCAGCGTC-1,0.006776767472542451,5.68389660294533e-20,0.5233551715029998,3.514040035780883e-08,0.18661225662014538,0.283255769263912,1.103648394849583e-29
AACTGATATTAGGCCT-1,0.0032631865104937653,1.3843824030426819e-25,0.010787473154305406,1.4978841025473107e-11,0.9706812383345068,0.015268101985715118,1.6314289036771905e-35
AACTGGGTCCCGACGT-1,0.017892948066270765,1.8396827787634417e-24,0.0024465911148394905,8.42992045277552e-10,0.9791560646559042,0.0005043953199934742,1.5897532911925236e-36
AACTGGGTTCGAGCCG-1,0.0006473669120091235,5.166700824355782e-21,0.9386125801718638,2.1683076008994365e-09,0.05897170104648592,0.001768349701333517,8.926433643932823e-31
AACTGGTGTGGGCCTT-1,0.015456579065000578,6.675165099480036e-28,0.002708021394667238,4.64912346488447e-12,0.9737607138018465,0.008074685733836696,1.5329846118751744e-41
AACTTCTGCGTCTATC-1,0.33523628504965797,3.6917126185819343e-22,0.00023415497511410124,1.1617177068173828e-07,0.6643105014595574,0.00021894234389979248,7.940148211010563e-34
AACTTGCCCGTATGCA-1,0.982706781076126,2.3966589318194746e-20,5.391562157376243e-06,3.752757695073558e-07,0.017275224171826087,1.2227914121060268e-05,1.4276316269156123e-31
AACTTGCGTTCTCGCG-1,0.006116949172211843,4.265415764208924e-24,0.017351334424083695,1.5584670462348655e-09,0.9601219537417434,0.016409761103494153,3.845063964026854e-35
AACTTTACGGGAGCTT-1,0.002158887099480838,2.0821703069763097e-17,0.2103854534052424,2.2066373724786513e-07,0.7755230375298245,0.011932401301714758,1.0314765812054884e-25
AACTTTAGCTGCTGAG-1,0.10566177774054299,2.5259500649765206e-25,0.012140759569735919,9.304755960226782e-09,0.3667052118871551,0.5154922414978099,5.705233638679921e-39
AACTTTCTCGATCATG-1,0.0069347979394759895,5.230923304642266e-17,0.8383503269690745,7.936844172383489e-07,0.07814029997962815,0.07657378142740416,1.4332225828154202e-27
AAGAAATCACCAGATT-1,8.43865206935842e-06,1.6921215989202254e-22,0.5597954251774917,6.274766240705997e-10,0.004268303165050965,0.43592783237791155,1.215513113641998e-37
AAGAAGGATCAGTTAG-1,3.037993729883272e-05,6.161513018027441e-29,0.006368753223016369,3.7054168638072293e-14,0.6263408432504122,0.36726002358923543,5.969322856832407e-41
AAGACCCAACTGAACA-1,2.8536818471911583e-12,0.005282167564646964,9.618195476173233e-16,0.0043549555185159305,1.5892666246977064e-15,6.858133427786805e-19,0.9903628769139808
AAGACTAACCCGTTGT-1,0.00020956367171092078,4.937264359986313e-19,0.49067799773285753,2.5794981993339747e-09,0.1063391972582312,0.4027732387577022,6.1780824596969175e-24
AAGACTCACGCCCACT-1,0.14472427931387902,3.602478512662977e-21,0.43955626371893874,4.198275740060903e-08,0.2286849391161412,0.18703447586828373,8.302031775476491e-30
AAGACTGCAAGCTACT-1,0.6923732812386058,3.028322493659075e-22,0.00022806221776065764,7.898616988460155e-08,0.3068838289062036,0.0005147486512602146,8.158273100814287e-35
AAGAGATGAATCGGTA-1,0.9880615521724281,1.4029024190521642e-20,5.3809761824460835e-05,1.5425136068826573e-06,0.011784156542930413,9.893900921015159e-05,2.592534365033417e-31
AAGAGCTCTTTATCGG-1,0.26767490584607523,1.4592335619089667e-21,0.0005541189508923769,1.5074101114634884e-08,0.7282196825925483,0.003551277536382921,3.010492711869572e-32
AAGAGGATGTACGCGA-1,0.8942705167866966,1.6671041516486507e-23,6.576550829774658e-05,6.021153086200216e-09,0.10524103440431411,0.00042267727953819104,4.9959785166411744e-33
AAGAGGCATGGATCGC-1,0.9474435805816861,1.4933112036330988e-21,8.477392275754249e-05,2.0274323782103893e-07,0.052405301898794304,6.614085352422812e-05,1.3139037840434929e-31
AAGAGGCCCTTTGGAA-1,0.9795380101943585,1.9889341195831185e-20,0.00029151900440596063,7.074107378955501e-06,0.019108144943925612,0.0010552517499309694,9.818231607287365e-33
AAGATGGCACCGGACC-1,1.5159440184369108e-07,0.000459097664485626,4.732167351319539e-11,0.9995407494823322,7.940970457322213e-11,1.570159430368745e-13,1.1318918482541996e-09
AAGATTGGCGGAACGT-1,0.0016240994440539379,1.0726526974696556e-26,0.046568309479363516,4.610267589129345e-12,0.9314066464687127,0.020400944603259478,3.982766498682141e-38
AAGCACCCTGCGTATC-1,2.7456226568128383e-19,0.9999266617983268,2.1196918276857564e-18,3.60203089679237e-07,2.367528528196109e-22,1.1422088126450157e-24,7.297799858360384e-05
AAGCATACTCTCCTGA-1,0.6215045811205054,7.835260329871432e-10,4.476629851246236e-05,0.37795853903607124,0.000491377911135275,7.348502496540749e-07,2.672928960652828e-19
AAGCCGAAGCGGTTTA-1,0.6664434498747211,7.161113618193839e-19,0.0011325524223300943,4.2261849194329855e-07,0.3320038600066913,0.0004197150777655513,8.205944556430435e-30
AAGCCGCCGTGAAATC-1,0.8800426776550903,1.0258579559981928e-17,0.0006705609057066551,2.5580810554540183e-05,0.11925587607517588,5.304553472784663e-06,1.766980368301581e-26
AAGCCGCTTTACCTTG-1,1.0890321405396864e-06,1.6235086440357628e-23,0.7888522231290948,1.6481090495316933e-11,0.0008820113135154365,0.21026467650876834,9.955834253485984e-34
AAGCGCAGGGCTTTGA-1,5.259510692444198e-29,1.649336600382599e-08,9.006597496098548e-27,3.466932290098015e-20,3.265321503786408e-32,1.173441541268468e-34,0.999999983506634
AAGCGGAGTGCGCGCA-1,0.0005190431711061184,3.4978892875772276e-23,0.22614846942349365,1.641060104285863e-11,0.09599259959950347,0.6773398877894862,4.054128480034694e-32
AAGCGGCGTCATGGGT-1,0.018311406416783273,2.130535135013035e-22,0.23613740494782615,1.1769121353753461e-09,0.2863355791081634,0.4592156083503151,4.986106060196525e-32
AAGCGTCCCTCATCGA-1,4.983307774525462e-16,0.9998043878611775,3.141868028356708e-16,0.00018986173808711938,1.2780121337384105e-18,4.271270494286189e-18,5.750400734773272e-06
AAGCTAGATCGAGTAA-1,0.9755610619508822,1.5984492067323256e-16,2.7391399747716895e-06,0.02350886065795788,0.0009236841525902212,3.654098594707323e-06,8.02353995365911e-32
AAGCTCGTGCCAAGTC-1,0.9608392220087523,2.0810690921464542e-17,0.00014342341802550798,9.513292038660594e-06,0.03890372934138687,0.00010411193979655803,7.119116609877947e-29
AAGCTCTTTCATGGTG-1,0.001544063750209417,2.4753197678358423e-12,6.4904031183372666e-09,0.9984558498609261,7.9193050100117e-08,7.029359862525979e-10,1.8036606392802998e-21
AAGGAGAACTTATAAG-1,0.00018644151805868737,2.488922967130895e-25,0.004558913473377379,2.5930372678956237e-12,0.008111231991457257,0.9871434130145136,9.143411851633224e-35
AAGGAGCGGTTGGTGC-1,0.9790858821977597,1.3267612500359527e-20,1.7568355885028292e-06,8.91493966849044e-08,0.020905733483270718,6.538333984473805e-06,8.227793018797455e-31
AAGGATCGATCGCTTG-1,0.000636525991772537,5.405139147098074e-19,0.9285699155542485,4.0854692645879456e-08,0.0690660274188918,0.0017274901803944313,2.98856858634133e-26
AAGGATGAGGGACCTC-1,0.0011952568130086504,4.829622146004533e-27,0.001760401618805169,2.5257085798867716e-12,0.9944893893278459,0.0025549522378145698,8.529722443755493e-39
AAGGCAGGCTGTCTCC-1,0.25061043412430584,1.5739713610316018e-24,0.0021787921113197166,4.537499084351809e-09,0.7449567839812808,0.0022539852455944697,4.457775158695596e-38
AAGGCGCGTAAAGCTT-1,0.9265439121385196,5.3494548949045e-23,6.155733102381512e-05,1.838506913969854e-08,0.07338799027663338,6.521868754162208e-06,5.764447207982285e-33
AAGGCTGTGCTCATCG-1,0.9793680691436772,7.920755884512029e-23,7.372470897112543e-07,1.2051739675192234e-08,0.02062457460436111,6.606953132331489e-06,3.136742178093514e-34
AAGGGAACGACTGGCT-1,0.963865940430904,2.1154389836934085e-17,0.0007443948192769032,1.423319771314242e-05,0.03450348399842612,0.0008719475536799305,7.373031767750642e-28
AAGGGACAGATTCTGT-1,0.008382308932332497,2.282879391527929e-23,0.03936094555696147,5.143514919059549e-10,0.8173458544748768,0.13491089052147773,6.535238972836499e-35
AAGGGACTATGCATTC-1,0.9934055607826223,3.248460804956363e-18,4.483969037785417e-05,0.0004943114640063495,0.005705358218649684,0.0003499298443439089,2.5578784059504508e-27
AAGGTATCCTAATATA-1,0.26895385649145,3.114834038573271e-23,0.01431478733134045,7.03197494325604e-08,0.49190279081515975,0.22482849504230049,1.1547013650893496e-32
AAGGTGATAAACCAGC-1,0.9885499585962073,1.549218040289832e-16,1.9842366504315423e-06,0.008600166189039624,0.0028440971765207315,3.793801581793045e-06,3.1084313345808102e-30
AAGTAGAAGACCGGGT-1,0.1404772635063289,2.297395761228515e-22,0.00045284672362040765,1.0378465592343739e-09,0.8566193925684613,0.002450496163742821,1.6443049884451557e-33
AAGTAGTGACGCGAGG-1,0.841806028940137,1.0360804893209277e-24,1.9173815259707004e-05,1.282617305360568e-08,0.1581531311799694,2.1653238460709445e-05,1.9836838847614518e-35
AAGTCAATTGTCGTCA-1,0.9831948153149151,8.339345045518144e-22,2.0721603393012913e-05,6.659194512103795e-07,0.016762519991971928,2.1277170268662616e-05,4.903253896306144e-34
AAGTCTAGTAGCTGCC-1,1.7089595291442208e-07,8.31014426470292e-14,0.9963481554496185,2.1681424204683045e-09,9.664216462146227e-05,0.0035550293215817442,1.4939136629911844e-19
AAGTGACGACCGAATT-1,0.9849408571334096,6.492465642766164e-18,8.337858569916984e-05,9.769750504398407e-06,0.014929524927705516,3.6469602681497033e-05,1.6756370195356556e-27
AAGTGAGTCGGGTTTA-1,2.8826166764525437e-26,4.394276614940245e-07,1.199599529363093e-29,2.0892460234555654e-13,3.5081222681774653e-32,9.60499899677632e-34,0.9999995605721296
AAGTGCAAAGGTAGAC-1,0.10423820867191048,2.319362907428594e-17,0.0024354760786949054,2.685529213954781e-06,0.8898726310169035,0.003450998703277339,6.767265485082173e-28
AAGTGCCTTGACTGTA-1,0.9891819170920163,1.7169921860781873e-18,1.0609613968522252e-05,1.7332830864193824e-06,0.010797173508503406,8.566502425489285e-06,4.406526361934295e-29
AAGTGCGTTAGAATCT-1,0.9930669436313442,7.072294009508976e-20,1.2386401527351429e-05,3.881829321947836e-06,0.006839207158022719,7.758097978384715e-05,1.8740893217170497e-30
AAGTGCTTCTCTATTG-1,5.1299294903300226e-23,5.293471576653073e-08,4.318575990413456e-25,3.5989592653373935e-13,3.293782063553495e-27,1.614444302553958e-28,0.9999999470649242
AAGTGTTTGGAGACGG-1,0.9433611019249472,1.0569272554106008e-13,0.000996617529686812,0.04948243966983995,0.006107759942768916,5.208093265131128e-05,7.979123364406558e-25
AAGTTCACTCCAAGCT-1,0.9966268878915147,1.0930358450750393e-17,8.060597048236928e-05,0.002268206284177661,0.000989843089078695,3.4456764746557655e-05,3.7420414796613905e-32
AAGTTCAGTCTGCGTA-1,0.14090929279259998,4.578383828948975e-19,0.286209027926095,1.6204771569172728e-07,0.5277482172448857,0.04513329998870348,2.6905247359762783e-28
AAGTTCGGCCAACAGG-1,0.9157064502380505,1.6257736706503895e-22,0.0011724221440503823,9.180215295141766e-07,0.08300988112069418,0.00011032847567528844,2.6173012692421055e-34
AAGTTGTGATGTTATA-1,0.9874307822534293,1.0395247219487781e-16,0.0010502473324239471,0.0014943155299184758,0.009370898803970741,0.0006537560802576596,1.978695907113901e-25
AAGTTTACTAATGGCA-1,3.5791939449351445e-05,7.1103712556830055e-25,0.09442727816808592,3.66306357638134e-12,0.10234079561377193,0.8031961342750297,1.5694901107985887e-35
AAGTTTATGGGCCCAA-1,4.754421033526981e-35,8.08683763390597e-05,1.1540123599223612e-30,3.4152078177527694e-23,3.132693305878722e-37,2.1799353389235167e-35,0.999919131623661
AATAACAACGCTCGGC-1,0.9818747519369596,1.3859627384155781e-21,5.021681133700725e-06,1.5489177949353671e-06,0.01811655480221864,2.1226618929193055e-06,7.256961059063434e-33
AATAACACTAGAACAA-1,0.9810912187368,2.3120211599841136e-16,2.969649179900298e-05,0.00313551753489006,0.0154884088477041,0.0002551583888065327,1.9025551580461584e-29
AATAAGTCCTCGAGAC-1,0.19507838300459246,4.9502448158892964e-26,0.021734029090261304,7.838853997545576e-09,0.6753640494822524,0.10782353058403987,1.3028994960185438e-39
AATAATCTTCGTATCG-1,0.6286596329295634,7.283694571639029e-22,0.015306602046219309,2.9681514276863035e-07,0.1248889293160424,0.2311445388930321,2.0366010127549555e-35
AATACAATGTTTCAGG-1,0.14871149889297755,7.536992014800635e-24,0.0006888699848569359,2.2743574332294466e-09,0.8190000820322191,0.031599546815588984,2.2043145840749208e-33
AATACCGGAGGGCTGT-1,7.068043351071836e-19,0.6786096796531955,4.3379141532340286e-23,3.020986540983847e-07,4.609625217168549e-24,5.076100335805265e-29,0.3213900182481505
AATAGAACAGAGTGGC-1,0.7598574930463223,8.812631233304607e-15,1.1161619778162988e-06,0.23979930997752114,0.0003414246802594257,6.561339105129408e-07,9.314245026436543e-28
AATAGAATCTGTTTCA-1,0.9946465545718759,1.4590695623249414e-22,3.69074692064521e-06,7.119149585468654e-07,0.005253248817937878,9.579394830703814e-05,2.0350729558983652e-35
AATAGCAAGCCTCCTG-1,0.2976058106189986,3.710896341898984e-18,0.4382244243749042,3.3692627863969772e-06,0.25569578044547037,0.008470615297840454,1.401324394356931e-26
AATAGCTACCGCGTGC-1,4.3607007425203936e-05,8.698111934524067e-23,0.8881800149309876,7.621154791217166e-12,0.011393432259502343,0.10038294579446361,2.111370508664424e-31
AATAGTCCGTCCCGAC-1,1.4463823996224058e-08,0.6324844310727467,7.859183576074977e-12,0.36751555445068124,1.666905271276891e-12,8.024379440776211e-15,3.21420667795249e-12
AATAGTCGCGAGTCGG-1,0.07764063207066652,5.194300252426112e-20,0.6917692905281834,2.79762502544439e-07,0.21392823601296723,0.016661561625680187,2.3573763834425174e-31
AATATCAAGGTCGGAT-1,0.03647798639325406,1.7953961597639414e-24,0.005935354589835279,1.591013375900571e-10,0.5957424501773213,0.361844208680488,1.6554516124173216e-35
AATATCGAATCAATGC-1,0.9921777405472942,3.040248104999999e-23,2.073010966726266e-06,6.401001541735901e-08,0.007732511698607939,8.761073311555636e-05,1.5059783691357395e-36
AATATCGAGGGTTCTC-1,8.653835889596513e-05,3.8537043430813483e-29,0.08463848399293471,3.435621564068812e-14,0.6520396204920238,0.2632353571561112,6.452359360890394e-42
AATATTGGAGTATTGA-1,0.9689858626888372,1.2745266012495657e-18,5.347445886527295e-05,1.3393136353317199e-07,0.029990462070647147,0.0009700668502867977,3.2124750541548014e-28
AATCAGACTGCAGGAC-1,0.025252338483285675,1.7770136524683917e-18,0.2009318610601585,5.199273687979515e-08,0.709051123060691,0.06476462540312806,1.6030132143942468e-28
AATCAGGTTTCATTTA-1,0.03484972223789085,1.3439377761784589e-14,1.971998280953545e-05,0.9651217046213101,8.749576944520642e-06,1.035810313023994e-07,3.533128849876884e-22
AATCATGTAAAGACTC-1,0.967959880960441,3.1902920345316277e-24,0.0005448062010366109,9.894147744493988e-08,0.022320537442702907,0.009174676454342109,2.8262360596751243e-35
AATCCAAGGGCCTGAG-1,0.4176101654099168,3.9391964266644205e-24,2.336224313972563e-05,1.6347849600102488e-09,0.5822377441989952,0.00012872651316319335,5.798276352625406e-38
AATCCATGCAAGGGTG-1,0.06198918661414579,9.329275773341271e-23,0.05507452198440939,4.0875133917383834e-09,0.7541403202060554,0.1287959671078762,1.2092932892803611e-32
AATCGCCTCAGCGCCA-1,0.21646992611856064,8.724020727805595e-19,0.0012548273675254604,4.588862542865338e-06,0.7819684782484788,0.0003021794028922465,4.341985825326662e-32
AATCGCGCAGAGGACT-1,0.475700590449546,8.751628132623529e-20,0.014041369875964311,1.926429459959166e-05,0.5055817623507449,0.004657013029145047,4.784521397291072e-28
AATCGGGACACTACGA-1,0.0008758614317815781,3.661555175350021e-27,0.054600273917946175,1.2107618750167248e-12,0.8225961412457391,0.12192772340332234,1.0470643925250328e-39
AATCGTGAGCCGAGCA-1,2.3250253974154228e-39,3.320507851257883e-14,2.147212556647126e-37,1.2415275238408996e-28,9.580346029530417e-43,3.5403325492112745e-43,0.9999999999999667
AATCTAGGTTTACTTG-1,0.929810876864864,7.43438185752967e-18,0.0011367346483134554,0.0005321351234539208,0.06323159382180552,0.005288659541563031,4.624345556984111e-29
AATCTATGCCGGAGCC-1,0.022371985881208867,3.245973223419312e-20,0.8216110762749748,5.601384366445776e-08,0.11354670897929817,0.042470172850674594,1.203403226359824e-31
AATCTCTACTGTGGTT-1,0.9191721309563717,8.913086577715111e-21,5.116474366141831e-05,2.0090253802678016e-06,0.08009871677457468,0.0006759785000118349,3.532926033990779e-31
AATCTGCGTTGGGACG-1,0.03799618924709921,1.9734969511964985e-23,0.010670510337216227,8.649122789370565e-10,0.9478178266963021,0.0035154728544702016,2.3322385657451573e-37
AATCTGGCTTTCTAGT-1,0.9897243925525377,4.1373482405937935e-21,7.1795564436250065e-06,3.4139018301779064e-05,0.010033538813583185,0.00020075005913381628,2.2959762879794026e-34
AATCTGGGTAGACCCT-1,0.0036407892974042347,9.612011272630932e-21,0.7740238790427645,1.8196472579287892e-08,0.0990751052062453,0.12326020825711333,1.9185002299176662e-28
AATGACAGCAATGTCT-1,0.9933675907015325,4.440132599739704e-25,2.5839805804227937e-07,1.5667174834268483e-07,0.006621740027478002,1.0254201183371976e-05,1.5314586540704442e-38
AATGACGTAGGATGTC-1,0.9762539347775145,7.758615165805396e-19,9.446479417212923e-06,0.0016922568458122515,0.02203797525583289,6.386641423355872e-06,6.430938864204603e-32
AATGACTGTCAGCCGG-1,0.9147527725213099,8.977909967854766e-20,3.787348211691519e-05,7.079824851314675e-07,0.08516829722262767,4.0348791460274984e-05,1.8504929455957943e-28
AATGAGTTCGCATATG-1,0.010620985637389167,1.9151476814243548e-26,0.015148672549175339,2.8611830979241495e-10,0.8921857427750967,0.08204459875222055,4.726197186937292e-38
AATGATGATACGCTAT-1,0.002206682411085203,5.447460927433068e-22,0.008953001014238505,1.893078582433705e-09,0.9528297330643055,0.036010581617292384,4.3771586499804594e-33
AATGATGCGACTCCTG-1,0.00034803685785046327,2.5062360163476616e-24,0.5011767302703058,5.416799917899075e-10,0.4513833101759441,0.04709192215421973,2.6790811454686973e-32
AATGCAACCGGGTACC-1,0.144753954363409,2.1419683288086222e-19,0.03784231740281689,3.199999443086085e-06,0.8076715384803446,0.009728989753986537,1.5849450376949643e-32
AATGCACCAAGCAATG-1,0.0029188183977339527,1.0667834501169273e-23,0.0853297891274331,1.5278601537088093e-10,0.7570567745893971,0.1546946177326499,3.635619853906447e-32
AATGGCCGCCAATGCG-1,0.00011977971431036862,3.326242999583014e-10,0.9962719315154174,1.3374327243461398e-05,0.001149744425336658,0.0024451696850678437,4.1091099596820027e-19
AATGGTCCACCGTTCA-1,0.9952084506786055,1.4267439558285358e-16,5.704940278372307e-06,0.0002556296495739683,0.004525757999224391,4.456732317280444e-06,3.0338935215274333e-27
AATGGTTCTCACAAGC-1,0.7050610104027046,8.253200474049765e-26,1.1114515136765812e-05,1.099217515033449e-08,0.2947270906466886,0.00020077344329492029,9.419851938136712e-39
AATGTGCCCGAGGTGT-1,0.9055774793131421,1.1082171993428232e-22,0.0009132036022932797,7.982770602557889e-07,0.09111972817125905,0.002388790636245226,8.78517056478455e-36
AATGTGCTAATCTGAG-1,8.700881798219609e-14,0.004398246106261361,4.636260194360081e-12,2.4875794990322796e-06,6.280196421565981e-15,1.3901427223246764e-16,0.9955992663095098
AATTAAAGGTCGGCGT-1,0.9974475806253347,4.587455343097576e-22,5.1697799437473785e-06,2.0498354246258432e-05,0.0025170864492839564,9.664791191515879e-06,4.671302195359657e-35
AATTAACGGATTTCCA-1,3.0106907477505985e-13,0.998565753800647,2.2571394458127254e-14,0.0014342461774169573,4.583273066671786e-17,8.023253706554167e-17,2.1612344626539405e-11
