,0,1,2,3,4
AAACAAGTATCTCCCA-1,0.9153420836989468,1.4278209649685892e-08,0.0004777124698275049,0.08418018955301608,6.937153201544562e-27
AAACACCAATAACTGC-1,0.07805714703678411,0.00012273551380460575,0.0015205335324138193,0.9202995839169975,4.870630525358608e-21
AAACAGAGCGACTCCT-1,0.8497563455997714,3.6467113091228316e-09,0.11615559346669724,0.03408805728682013,5.53444212665949e-24
AAACAGCTTTCAGAAG-1,0.9617705399467495,7.244797241829796e-09,0.0076055727554255395,0.030623880053027533,2.289198622120295e-25
AAACAGGGTCTATATT-1,0.6489558605983198,2.2174920177987922e-07,0.00024276053010964844,0.3508011571223686,1.7801307431948083e-24
AAACATTTCCCGGATT-1,0.09452901043787951,0.0011716057941739265,0.03228342961812067,0.8720159541498259,4.040750754158452e-17
AAACCACTACACAGAT-1,0.01969531601580961,4.230716077686853e-09,0.9744667560126038,0.005837923740870534,2.4368431848153534e-21
AAACCCGAACGAAATC-1,0.7761557419663335,1.6803533658466998e-08,0.01034760655339594,0.21349663467673696,1.0497856513264645e-25
AAACCGGAAATGTTAA-1,0.7307321985579746,3.372787810097739e-08,0.03621166561249955,0.2330561021016476,1.1777348744375577e-26
AAACCGGGTAGGTACC-1,0.30691544333273885,2.016091677484334e-07,0.0016250744986302192,0.6914592805594633,2.0483784389470256e-23
AAACCGTTCGTCCAGG-1,0.13061313536474498,0.008350299374368127,0.004855137052616338,0.8561814282082705,8.315398023508914e-19
AAACCTAAGCAGCCGG-1,1.0732626266830675e-13,0.011567003668604553,4.4582691049419174e-11,6.93302108818046e-10,0.9884329955934033
AAACCTCATGAAGTTG-1,0.8355461249533145,2.758615123878365e-10,0.001507560526520214,0.16294631424430375,1.7596632900424098e-29
AAACGAAGAACATACC-1,0.6831872154199372,4.987007970976821e-11,0.27624255813059734,0.0405702263995954,8.121343554872043e-27
AAACGACAGTCTTGCC-1,0.20745721801723568,3.2144957393700574e-08,0.7453609355147706,0.0471818143230364,5.745781672826641e-20
AAACGAGACGGTTGAT-1,0.9519535773815243,4.0050220203972106e-11,0.0380869368354058,0.009959485743019553,2.271725198038027e-27
AAACGCCCGAGATCGG-1,0.49437816483333924,2.7002901698686476e-09,0.3996175793523166,0.1060042531140542,7.131665328568567e-26
AAACGGGCGTACGGGT-1,7.265679769035518e-10,0.9999929236754425,1.0187300382954746e-08,6.785245381765627e-06,2.801653075423187e-07
AAACGGTTGCGAACTG-1,9.084102451808192e-28,7.696600828936989e-12,8.567613162516555e-26,7.687160756227584e-26,0.9999999999923035
AAACGTGTTCGCCCTA-1,0.005631144098100154,1.9973516906726852e-08,0.9917603669902342,0.0026084689381488356,6.348772530274682e-23
AAACTAACGTGGCGAC-1,0.16798202114175165,9.873985869266568e-09,0.7767831772572912,0.055234791726971225,1.512721071425081e-25
AAACTCGGTTCGCAAT-1,1.4279768092930417e-25,1.0036372348545384e-13,5.786504761720741e-23,1.60391622440445e-23,0.9999999999998996
AAACTCGTGATATAAG-1,0.007635516524510521,1.8276116871352733e-09,0.9914900031027405,0.0008744785451374069,1.5247806159588503e-24
AAACTGCTGGCTCCAA-1,0.10789791335130385,6.832498144563401e-08,0.0010699477547858837,0.8910320705689289,4.006749289967276e-29
AAACTTAATTGCACGC-1,0.07417977633768195,0.0008912930957303606,0.014360662561208526,0.9105682680053792,1.0377813599466643e-17
AAACTTGCAAACGTAT-1,0.16182614071085719,1.9493753920504126e-07,0.0004304451092462066,0.8377432192423575,1.3165914279545397e-25
AAAGACATGAAGTTTA-1,0.035176175947473194,1.4162432786037493e-07,0.9357096217559151,0.029114060672283698,9.993307230256305e-22
AAAGACCCAAGTCGCG-1,0.9892222972244243,1.7556980610133682e-12,0.0003229033334146725,0.010454799440405432,2.5319264285311095e-31
AAAGACTGGGCGCTTT-1,0.8678044518716261,2.7873914781617505e-09,0.04698921004459314,0.08520633529638912,1.703026968110778e-22
AAAGCTTGCCTACATA-1,0.002466365180998183,1.9409556952140526e-07,0.9973792177255127,0.00015422299791943044,5.2993317067279053e-20
AAAGGCCCTATAATAC-1,0.029844018041078346,0.00025335250141496444,0.02558558701789142,0.9443170424396152,3.52821275023052e-18
AAAGGCTACGGACCAT-1,7.251632018788545e-26,4.3603054229972213e-10,2.2560442353533604e-24,8.836003990480815e-22,0.9999999995639695
AAAGGCTCTCGCGCCG-1,2.500877327445799e-05,0.9916326657720597,1.7540304782322646e-07,0.008342150051617326,8.687349749513304e-16
AAAGGGATGTAGCAAG-1,0.9986673984260065,9.527988686446077e-13,0.0003395930491494869,0.0009930085238911489,1.0460924549838507e-28
AAAGGGCAGCTTGAAT-1,0.9616827696550938,8.299683105826762e-08,0.003364409154333119,0.03495273819374204,1.3037726173162122e-24
AAAGGTAAGCTGTACC-1,0.1650250673622044,8.872439290426958e-05,0.77348254407967,0.06140366416522115,8.627809878049167e-17
AAAGGTCAACGACATG-1,0.1031075362598268,9.052387841223424e-07,0.8626452021307202,0.03424635637066893,1.4306527781468673e-21
AAAGTAGCATTGCTCA-1,0.01679150894592198,0.000265583986429468,8.280194947138576e-05,0.9828601051181772,8.685458399260033e-22
AAAGTCACTGATGTAA-1,0.9884918086333144,8.522732317986695e-13,0.008739455615423665,0.002768735750409572,4.982408116602004e-33
AAAGTCGACCCTCAGT-1,0.5884696770977167,4.788747758152068e-08,0.0010587847954023602,0.41047149021940343,5.838382393817909e-22
AAAGTGTGATTTATCT-1,0.6508268092242966,4.010111525487513e-08,0.01581544590953397,0.3333577047650543,6.185794495540527e-27
AAAGTTGACTCCCGTA-1,0.896054337290961,3.333731478623457e-08,0.012493556205911678,0.09145207316581264,4.1205246683861336e-27
AAATAACCATACGGGA-1,0.2114978074764573,2.8877832863101793e-05,0.7840713047812277,0.004402009909430789,2.1114579704573427e-14
AAATAAGGTAGTGCCC-1,0.26797683015475937,9.147571302117828e-10,0.7175488175945529,0.014474351335930523,1.4378520764217237e-25
AAATACCTATAAGCAT-1,0.45882546289548304,2.3335787821511887e-09,0.03850271897448826,0.5026718157964499,5.437803503120081e-29
AAATAGCTTAGACTTT-1,0.6541053879901441,9.241321071420064e-09,0.3035924579400082,0.042302144828526615,4.33513876413299e-24
AAATAGGGTGCTATTG-1,0.007341461516219124,1.4688915736309068e-05,0.0018143799746218096,0.9908294695934228,2.0147096402203906e-22
AAATCCGATACACGCC-1,3.359269718458618e-10,0.9999782524268825,4.532149942244822e-10,9.7600850454191e-07,2.0770775471231523e-05
AAATCGTGTACCACAA-1,0.07507476250687463,0.0003391266591742432,0.017253216849479686,0.9073328939844714,2.5800394620912714e-19
AAATCTAGCCCTGCTA-1,0.10760017858020549,0.000140097681902324,0.007256824454467872,0.8850028992834243,2.256155285933711e-20
AAATGATTCGATCAGC-1,0.0020613653867912426,5.5409610354e-08,0.9954214017104409,0.002517177493157642,5.892675619359953e-22
AAATGCTCGTTACGTT-1,0.9861188945618459,2.7946869258153952e-12,0.011563262159373889,0.002317843275985536,1.731369398090998e-27
AAATGGCATGTCTTGT-1,0.9852075329481264,8.957021813764701e-12,0.010108575722916267,0.0046838913200002935,3.4798882014737017e-28
AAATGGCCCGTGCCCT-1,0.4580152456977431,1.0581589771475201e-07,0.0010931783010366624,0.5408914701853224,5.867098334514801e-30
AAATGGTCAATGTGCC-1,0.9661353624849969,5.40017834109328e-10,0.000626911669878881,0.03323772530510626,1.946595923354955e-27
AAATGTATCTTATCCC-1,0.07683294855516024,6.437101635536869e-07,0.9126871174718623,0.010479290262813959,8.649241981823794e-22
AAATGTGGGTGCTCCT-1,0.9176839580837473,8.816307174401569e-12,0.07839681401279093,0.003919227894645607,3.0800998362063084e-28
AAATTAACGGGTAGCT-1,0.9240802672005238,1.201788158145899e-10,0.00370023530447961,0.07221949737481767,2.3557912308894096e-30
AAATTAATAAGCGCGA-1,0.5157357003581297,8.116634350780373e-10,0.446626601900098,0.03763769693010894,1.0280243076424313e-26
AAATTACACGACTCTG-1,0.9887612746316642,1.771791504966501e-14,0.011122363481712718,0.00011636188660522255,2.1575047172512244e-32
AAATTACCTATCGATG-1,0.9777722279447933,1.1519795687063103e-12,0.003416859145539585,0.01881091290851488,1.4318229225846468e-32
AAATTCCAGGTCCAAA-1,0.18322164425928097,1.8831632696833936e-10,0.8101334329250188,0.006644922627383889,3.8437564578189037e-25
AAATTGATAGTCCTTT-1,0.05925400639826938,5.482467141361577e-06,0.01357474951747788,0.9271657616171114,1.1323712064555511e-23
AAATTGCGGCGGTTCT-1,0.004353394083694034,3.8717191225094827e-07,0.9945573826803177,0.0010888360640761647,2.8600550750736836e-18
AAATTGGTGAGAAGCA-1,0.003495235697025527,7.619481266308124e-07,0.983699180434516,0.012804821920331876,6.4338649685735505e-22
AAATTTACCGAAATCC-1,0.7550796108917198,2.177484328450303e-10,0.23890520643155794,0.006015182458973558,1.3423493758757509e-25
AAATTTGCGGGTGTGG-1,0.5132064803773652,7.332320622822341e-09,0.02020795643299371,0.4665855558573206,1.3871204830935494e-25
AACAACTGGTAGTTGC-1,0.9106397766775641,1.8016928592149004e-10,0.00014094122829146633,0.08921928191397527,1.6992609565669016e-28
AACAATACATTGTCGA-1,5.925956500141403e-07,0.9991312220930876,1.1986049938523085e-07,0.0008680378874847209,2.756327813476155e-08
AACAATTACTCTACGC-1,0.83200326314526,5.339950938921815e-09,0.0007582775005150124,0.1672384540142741,3.418341920555209e-23
AACACACGCTCGCCGC-1,0.6950046991046038,1.714958564755923e-07,0.011108405531488437,0.2938867238680514,3.1735705855527235e-23
AACACGACTGTACTGA-1,0.9732086292995142,1.442668165626102e-10,0.005630509541310858,0.02116086101490817,1.6730936214727218e-29
AACACGAGACGCGGCC-1,0.18382966832009717,7.570924512119528e-07,0.00024821093897955005,0.8159213636484721,4.292983129056544e-26
AACACGCGGCCGCGAA-1,0.996466377571275,2.209225128877787e-10,0.0015204769765166705,0.0020131452312858616,7.268824338827964e-25
AACAGCTGTGTGGCAA-1,0.02959919422660677,0.012897869528199324,0.00030014645970616495,0.9572027897854878,5.0920854984536715e-17
AACAGGAAATCGAATA-1,0.7830381744841245,2.7130761236898496e-09,0.20345110809613914,0.013510714706660302,2.306686371237077e-27
AACAGGATGGGCCGCG-1,0.892937667208835,4.1634567928659613e-07,0.00258444141496463,0.10447747503052092,1.6257935654262885e-20
AACAGGTAGTATGGAT-1,0.4566032818514543,2.2239022746213253e-05,0.0028845471990144493,0.5404899319267851,5.641459300906379e-19
AACATATCAACTGGTG-1,0.7509434927386457,3.4273910424276003e-10,0.1864334801662301,0.06262302675238507,1.8492612110064647e-30
AACATCGATACGTCTA-1,0.02156651663805025,3.1471883058390068e-09,0.9774003188986873,0.0010331613160742537,5.979430584571084e-23
AACATTGAAGTTGATC-1,0.0579163530531786,4.614711572896987e-05,0.0034563507601646907,0.9385811490709278,4.52834579354866e-19
AACATTGTGACTCGAG-1,1.150718645419116e-22,3.03107443552326e-09,1.9483626616273017e-18,3.4883361019548145e-20,0.9999999969689255
AACCAAGACTTCTCTG-1,0.38579211305832745,2.6815108748879577e-07,0.0006152585853427098,0.6135923602052423,3.5202817840161356e-20
AACCAGTATCACTCTT-1,0.9696928663452925,3.042412569966009e-10,0.012934365850109932,0.017372767500356445,4.374839624743404e-27
AACCATAGGGTTGAAC-1,0.2733314519223794,0.18562470390568403,0.00031465620061778727,0.5407291879698479,1.470881098763389e-12
AACCATGGGATCGCTA-1,0.9741803417874294,1.2307440019543958e-09,0.00017209711912457673,0.025647559862701976,1.0819430288575348e-30
AACCCAGAGACGGAGA-1,0.9171708369593212,7.40192249034421e-11,0.07322540961895203,0.009603753347707644,2.865966964706364e-29
AACCCATCCCATGATC-1,0.18621970251682513,1.368469924697939e-07,0.00506461341784377,0.8087155472183387,1.353405758200182e-24
AACCCGACAACCCGTG-1,1.0056837665259611e-27,1.4702935529594388e-13,5.976104508683207e-25,6.2619027809243945e-24,0.999999999999853
AACCCGAGCAGAATCG-1,0.07443049345524567,2.9875468702909314e-06,0.00785455267662179,0.9177119663212622,6.734532288140406e-25
AACCCGATAGGGCTTC-1,0.09923818030540955,2.0944295566612429e-07,0.9000468566197746,0.0007147536318601528,1.4546968889884346e-20
AACCCTACTGTCAATA-1,0.8505764308138075,1.1501181525568442e-08,0.005854805274326685,0.1435687524106842,1.2051105369460218e-26
AACCCTGGTGGAACCA-1,0.6718018464011478,1.2138239590635035e-10,0.2982481942104741,0.02994995926699558,2.2236607161315136e-28
AACCGAGCTTGGTCAT-1,0.9849438478015613,1.0878463503811004e-10,0.008858231738099314,0.006197920351554651,5.433726387365034e-28
AACCGCTAAGGGATGC-1,0.905638021533397,3.921753982345298e-09,0.0001842506713186489,0.09417772387353023,3.3825046830577148e-28
AACCGTTGTGTTTGCT-1,0.8933553854421981,1.200110987165729e-08,0.05488295065958495,0.0517616518971071,1.5273477721857655e-23
AACCTAAAGCCGTCCG-1,0.29900482716339916,3.285873880415234e-05,0.38404750118098263,0.3169148129168134,7.452469813901799e-16
AACCTCGCTTTAGCCC-1,3.0014911429775514e-09,0.9999505831742941,1.8139827484852442e-07,4.899833998423262e-05,2.3408595559948602e-07
AACCTGTCACGGAATT-1,0.9691547176227501,2.8021270077325383e-12,0.025046130184725946,0.005799152189722049,9.61071934149964e-29
AACCTTTAAATACGGT-1,0.007068033865651701,0.684444689208314,0.011322432844120846,0.29716484292556644,1.1563470991957147e-09
AACCTTTACGACGTCT-1,0.8254315480820084,2.8993306638024797e-06,0.1614551533680156,0.013110399219312252,6.0974788138594155e-19
AACGAAAGTCGTCCCA-1,0.08271264493650364,0.07404380831356867,0.0012751817374970058,0.8419683650124279,2.798094572796953e-15
AACGATAATGCCGTAG-1,0.01036152109432278,0.00032123168053232185,0.031915185027459145,0.9574020621976856,1.0201155590231536e-19
AACGATAGAAGGGCCG-1,0.9604083119175587,1.8638265166701943e-09,0.005636772142516906,0.03395491407609786,8.452070478161166e-26
AACGATATGTCAACTG-1,0.9756897426759538,3.249249649341972e-12,0.016740790633509316,0.007569466687287683,2.797803164603339e-31
AACGCATGATCTGGGT-1,0.09756098994193459,3.8271911887321794e-10,0.8664163333170442,0.03602267635830207,1.0497242638030699e-26
AACGCGAACGGCAACA-1,0.36797803327629786,7.822725915628078e-10,0.6317443614191977,0.00027760452223210715,3.0280780662252035e-21
AACGCGACCTTGGGCG-1,1.148307248570685e-33,6.490045177250708e-17,7.742817496522314e-31,2.9724129453099566e-30,1.0
AACGCGGTCTCCAGCC-1,0.8316330534827513,8.814134370988414e-13,0.1645754902650528,0.003791456251314518,1.277804151114933e-29
AACGCTGTTGCTGAAA-1,0.01542864587028512,2.4496487392583812e-05,0.0008813540188202344,0.9836655036235021,1.3834977902278757e-21
AACGGACGTACGTATA-1,0.6415567622666304,1.4718974895230622e-07,0.004667118648170399,0.35377597189545,1.5041623956095362e-23
AACGGCCATCTCCGGT-1,0.049216982037754924,1.5757354879609111e-06,0.0004284281465012785,0.9503530140802557,9.346778052861927e-26
AACGTACTGTGGGTAC-1,0.063015014338261,4.574234975964045e-07,0.01273763107346365,0.9242468971647778,8.49115481349324e-27
AACGTCAGACTAGTGG-1,0.8344139640382277,4.553056301673974e-06,0.008348246506682503,0.15723323639878825,2.3394557766364173e-22
AACGTGATGAAGGACA-1,0.9436329028864955,4.0986012572860773e-10,0.02860218734946831,0.02776490935417598,9.709486644817654e-30
AACGTGCGAAAGTCTC-1,0.9142187053597015,3.546504666755577e-08,0.016219452469070538,0.06956180670618137,5.989478557041283e-25
AACGTTATCAGCACCT-1,0.9987139766028876,1.5807538569590058e-14,0.0007498924173284732,0.000536130979768227,1.950171866408715e-36
AACTACCCGTTTGTCA-1,0.24904924904234504,2.1472502370971686e-05,0.01918892733034352,0.7317403511249404,1.7820502794766683e-21
AACTAGCGTATCGCAC-1,0.3925089877436815,9.833060762414988e-09,0.6048108647498321,0.0026801376734256876,2.7361021825731916e-22
AACTAGGCTTGGGTGT-1,1.0209217112488202e-09,0.9999445026282388,8.410089334342403e-12,5.549634242938023e-05,1.7158154905410752e-18
AACTCAAGTTAATTGC-1,0.9478758862725631,1.3818832610936457e-09,0.0012449551276984226,0.05087915721785528,6.790909826006401e-28
AACTCCAGAGCGTGTT-1,6.758962262548756e-05,0.9833710439480743,2.342077536630278e-05,0.016537945653926314,7.56792852687305e-15
AACTCCTAATCCCATG-1,0.08088619482272398,4.49301117578056e-06,0.8604962320437449,0.05861308012235539,1.2989062912829473e-19
AACTCGATGGCGCAGT-1,0.9923829758406831,1.0497958210724522e-12,0.001346940149097607,0.006270084009169546,1.764842542649179e-31
AACTCTCAATAGAGCG-1,0.887664812452609,4.156470189958549e-11,0.0338904136818529,0.07844477382397347,3.2916321652931135e-30
AACTCTCAGTGTGCTC-1,0.002453943740530179,0.00034358411311245524,0.0001904281445139614,0.9970120440018434,2.776170671177106e-22
AACTGAGGTCAGCGTC-1,0.045729630595352254,8.021306317715757e-08,0.933876468112993,0.020393821078591574,1.0508074665286105e-21
AACTGATATTAGGCCT-1,0.9752914879331039,2.97966859679116e-12,0.02385486735473126,0.0008536447091852074,1.405272079522126e-28
AACTGGGTCCCGACGT-1,0.9930323122652639,5.965516099180579e-11,0.00409060547843882,0.002877082196642127,4.7158650572799394e-29
AACTGGGTTCGAGCCG-1,0.0530797918235553,1.0110929648979342e-08,0.9418932822984707,0.005026915767044311,3.319003336756651e-23
AACTGGTGTGGGCCTT-1,0.988822189092492,4.77913567174855e-13,0.008799115407954253,0.00237869549907574,9.325494803032876e-33
AACTTCTGCGTCTATC-1,0.9725698862175435,2.077177684088358e-09,0.0005646235398276873,0.026865488165451427,9.682373460169838e-28
AACTTGCCCGTATGCA-1,0.7893896925426027,1.3903234131460454e-08,0.0004232567029431256,0.21018703685121992,1.2863540933942808e-24
AACTTGCGTTCTCGCG-1,0.9232238832002876,1.7425042264422298e-09,0.06323090951946057,0.013545205537747454,1.3346284245687548e-27
AACTTTACGGGAGCTT-1,0.7947376967517047,4.265868151626907e-07,0.20088624757315696,0.004375629088323251,1.1774714417550302e-19
AACTTTAGCTGCTGAG-1,0.5494863032543421,7.952718374864262e-09,0.24874534946948323,0.20176833932345623,5.069513887746425e-29
AACTTTCTCGATCATG-1,0.01910994912605115,9.581050945168216e-07,0.9744269624941908,0.006462130274663601,7.401947235866803e-20
AAGAAATCACCAGATT-1,0.0004646131786671021,3.925718170604303e-08,0.9994013693924669,0.000133978171684261,7.916303362069896e-25
AAGAAGGATCAGTTAG-1,0.9267402250952718,7.211456495930263e-13,0.07301030403813569,0.0002494708658713606,6.919566806624784e-31
AAGACCCAACTGAACA-1,1.229180370229252e-12,0.2808825068004912,1.6284907919649975e-13,1.2826951096703181e-09,0.7191174919154216
AAGACTAACCCGTTGT-1,0.04373464311622445,8.590659927255389e-08,0.9527777289625938,0.0034875420145824127,3.2800931632018166e-18
AAGACTCACGCCCACT-1,0.13068811507880665,5.771924839703039e-09,0.8060635024263986,0.06324837672286983,1.49467837055093e-23
AAGACTGCAAGCTACT-1,0.9372942824433753,1.4781440917571835e-09,0.0014322568770534793,0.06127345920142719,7.425738582874144e-28
AAGAGATGAATCGGTA-1,0.7274329691509814,3.731099173834697e-08,0.005482904296650657,0.2670840892413761,1.6548446872339022e-24
AAGAGCTCTTTATCGG-1,0.9941066482600127,1.4146061106797015e-10,0.0011129394364379022,0.004780412162088797,3.109409344502891e-26
AAGAGGATGTACGCGA-1,0.8862172846374662,1.5868467505626447e-10,0.001518010953599185,0.11226470425025001,4.033780661020733e-27
AAGAGGCATGGATCGC-1,0.8105197329947172,5.080805771985284e-09,0.001999249362612884,0.18748101256186425,1.5298743859719084e-25
AAGAGGCCCTTTGGAA-1,0.15376760403285125,5.719441143203817e-07,0.00965275822697032,0.8365790657960642,6.66979695218412e-25
AAGATGGCACCGGACC-1,1.959972825471299e-09,0.9999982564022906,4.0989224464728247e-10,9.140996023986799e-07,8.27128241868869e-07
AAGATTGGCGGAACGT-1,0.9008230762088332,1.7811264579256697e-12,0.09825226248986185,0.0009246612995236267,4.243649834804379e-30
AAGCACCCTGCGTATC-1,8.169891754543801e-20,0.00042153061533428676,6.917356550260764e-17,5.741124061300289e-16,0.9995784693846651
AAGCATACTCTCCTGA-1,0.05603080269060547,0.038865618175424964,0.0025621859380728336,0.9025413931958252,7.164292396896773e-14
AAGCCGAAGCGGTTTA-1,0.9604003924126264,7.1765675476436675e-09,0.0036131897324331095,0.03598641067837278,6.1896283091540276e-24
AAGCCGCCGTGAAATC-1,0.8221534721377732,4.020028005347864e-07,0.0014217748172806297,0.1764243510421456,1.1833483737763855e-22
AAGCCGCTTTACCTTG-1,0.00010658454942808917,1.2070382635035343e-09,0.9998615563210773,3.18579224564006e-05,6.065764086630726e-24
AAGCGCAGGGCTTTGA-1,4.689276895041159e-25,1.4078694580724081e-14,5.025577826637569e-22,5.371859525921993e-23,0.999999999999986
AAGCGGAGTGCGCGCA-1,0.07621739510529793,4.726100905140265e-11,0.9231070922944498,0.0006755125529912159,2.650939940546578e-24
AAGCGGCGTCATGGGT-1,0.12843937250683762,1.8429429745527928e-09,0.8456986014001747,0.025862024250044642,6.903884956056196e-24
AAGCGTCCCTCATCGA-1,1.284804032958296e-16,0.36705585389205636,2.8397086217017082e-14,4.517281280148536e-13,0.6329441461074634
AAGCTAGATCGAGTAA-1,0.004880877573985626,0.001487077335266317,9.190951810595942e-05,0.993540135572642,4.070787321692996e-23
AAGCTCGTGCCAAGTC-1,0.7599370637575144,5.530784796358009e-07,0.003463561954537705,0.23659882120946835,2.769807529688512e-22
AAGCTCTTTCATGGTG-1,2.128093295948026e-05,0.9248094195242673,2.738237990320238e-06,0.07516656130478234,7.107024463689398e-16
AAGGAGAACTTATAAG-1,0.07173009641545441,2.2400967009702944e-10,0.9201391138520668,0.0081307895084693,6.690648731908392e-25
AAGGAGCGGTTGGTGC-1,0.8790619915977419,2.3227467536360964e-09,0.00011022748706469599,0.12082777859244657,9.579309843063434e-25
AAGGATCGATCGCTTG-1,0.10365599628591309,9.088522140674308e-08,0.8922068187205229,0.0041370941083427645,2.3772719753399403e-20
AAGGATGAGGGACCTC-1,0.9922809693904869,1.6013732626885583e-12,0.006973231531782099,0.0007457990761296857,3.1606716466152496e-30
AAGGCAGGCTGTCTCC-1,0.9216062987971935,3.47891143860883e-10,0.010766779737932093,0.0676269211169833,2.228340565235772e-29
AAGGCGCGTAAAGCTT-1,0.9207671440809473,1.6106094569630878e-10,0.0006857752042714784,0.07854708055372041,1.7372791118576607e-27
AAGGCTGTGCTCATCG-1,0.9105093001311556,1.8630130341551438e-10,7.028627798650455e-05,0.08942041340455649,1.119071102766117e-27
AAGGGAACGACTGGCT-1,0.2747506309902753,2.6816759749545434e-06,0.019691749371153165,0.7055549379625966,7.073073188615433e-21
AAGGGACAGATTCTGT-1,0.8338578143263613,3.6500613243683633e-10,0.16084376316667412,0.005298422141958423,2.519330772890129e-26
AAGGGACTATGCATTC-1,0.041385904231358885,4.707927464354897e-05,0.0021674989601919176,0.9563995175338057,1.8233772825704752e-21
AAGGTATCCTAATATA-1,0.8111133107700084,7.84258887336566e-09,0.08507213016555124,0.10381455122185143,4.79885390426214e-26
AAGGTGATAAACCAGC-1,0.10187811921415077,0.00045046022767235137,0.00016311003649274353,0.897508310521684,1.3781547328116214e-22
AAGTAGAAGACCGGGT-1,0.9942740586224209,2.606682943906781e-11,0.0013091977129982167,0.004416743638514052,1.0719277101077088e-26
AAGTAGTGACGCGAGG-1,0.9773610244570461,2.829721937103219e-11,0.00010853555102925494,0.022530439963627306,2.9184158942937684e-30
AAGTCAATTGTCGTCA-1,0.6091913222289785,2.3730307282845943e-08,0.001568384221468015,0.3892402698192461,2.150822259959807e-26
AAGTCTAGTAGCTGCC-1,7.045800086051571e-05,3.2577703848048097e-07,0.9999265799489896,2.6362669086441862e-06,6.20286097133608e-12
AAGTGACGACCGAATT-1,0.4195026058544068,8.826957945571982e-07,0.004047686366822694,0.576448825082976,2.3849935479919445e-21
AAGTGAGTCGGGTTTA-1,8.157576750793654e-25,4.049166866323292e-08,8.644348341880113e-24,3.776449149817332e-20,0.9999999595083314
AAGTGCAAAGGTAGAC-1,0.9826166961349222,2.3034843565817076e-07,0.004353927898279325,0.01302914561836284,1.337184016326863e-21
AAGTGCCTTGACTGTA-1,0.7318604220159425,6.266190662047293e-08,0.0008978814467651219,0.26724163387538574,1.3685240570044997e-22
AAGTGCGTTAGAATCT-1,0.4060784775097303,2.999425753572858e-07,0.0015838500305212614,0.5923373725171731,8.596467572987498e-24
AAGTGCTTCTCTATTG-1,3.8380024687371877e-20,3.8049974860969457e-08,2.708288206701475e-19,2.0670177606564718e-17,0.9999999619500252
AAGTGTTTGGAGACGG-1,0.04130417176074996,0.004073937003232792,0.009896462603266482,0.9447254286327508,1.9827435467918325e-18
AAGTTCACTCCAAGCT-1,0.009322240188365125,0.00011049589074711771,0.0028000087676940057,0.9877672551531937,1.790508071874446e-23
AAGTTCAGTCTGCGTA-1,0.2800171438485029,9.659531567327658e-08,0.5851723851929024,0.13481037436327908,2.711413692590711e-21
AAGTTCGGCCAACAGG-1,0.642379982745519,2.6861852011042287e-08,0.011621654893060577,0.3459983354995683,3.462411219368142e-27
AAGTTGTGATGTTATA-1,0.04013036826551518,0.00011263983618892002,0.011609935325128013,0.9481470565731679,1.3530754703923444e-19
AAGTTTACTAATGGCA-1,0.15615060831387848,8.859438520985906e-11,0.8434242833300164,0.0004251082675106347,4.413125604536527e-26
AAGTTTATGGGCCCAA-1,7.495346764509794e-35,3.2722502274550623e-19,1.4887283322937378e-29,2.5332745577952187e-32,1.0
AATAACAACGCTCGGC-1,0.8267686483054777,2.0567852564632436e-08,0.00021989580900751087,0.17301143531766208,1.933010785933406e-26
AATAACACTAGAACAA-1,0.1299756582939132,0.00046192415896097687,0.0008547703985844342,0.8687076471485414,6.454901072978792e-22
AATAAGTCCTCGAGAC-1,0.774611856622002,7.235794848347826e-10,0.12344162490897917,0.10194651774543932,1.9784959994920322e-30
AATAATCTTCGTATCG-1,0.4313305340660301,2.696854490272018e-08,0.33932962348143825,0.22933981548398674,3.3495467934933e-26
AATACAATGTTTCAGG-1,0.9906342999480465,4.3305945142434985e-11,0.0028340823190946733,0.00653161768955268,2.3613305449804705e-27
AATACCGGAGGGCTGT-1,1.3997255863338947e-19,5.2518826088041825e-05,2.3505574528895953e-20,5.827027113023008e-16,0.9999474811739113
AATAGAACAGAGTGGC-1,0.009692875295706734,0.01726100329363935,5.126532948897955e-05,0.9729948560811649,8.446083259606968e-21
AATAGAATCTGTTTCA-1,0.11273767959169842,6.196272893703789e-08,0.0004725274633866773,0.886789730982186,3.880269878213012e-27
AATAGCAAGCCTCCTG-1,0.3507069272144248,2.755711327277035e-07,0.478912215799281,0.1703805814151614,2.9276265745532533e-21
AATAGCTACCGCGTGC-1,0.002571344500587918,7.531463937721439e-11,0.9971328452971164,0.00029581012698092363,3.6261965388777646e-23
AATAGTCCGTCCCGAC-1,6.235205714418345e-11,0.9999935807759458,1.8702654338793853e-10,6.203600411314891e-08,6.3569386715297686e-06
AATAGTCGCGAGTCGG-1,0.11049026499428678,8.49871298520302e-08,0.8362161213815311,0.05329352863705225,1.3122846687407064e-23
AATATCAAGGTCGGAT-1,0.9116118081907557,6.394257651368372e-11,0.0749102308272767,0.013477960918025033,2.9373112350205134e-27
AATATCGAATCAATGC-1,0.5775041984671118,4.1571561746297376e-09,0.0007454175323105047,0.4217503798434216,8.310247326323081e-28
AATATCGAGGGTTCTC-1,0.6230008132691524,2.746826983038132e-13,0.3766580479143748,0.0003411388161981933,1.8817303608172014e-31
AATATTGGAGTATTGA-1,0.95579060311306,1.6382773642324738e-09,0.0022066441735292966,0.042002751075133335,1.976978882393482e-22
AATCAGACTGCAGGAC-1,0.5723803475045286,1.8683401865160863e-08,0.41982381225554305,0.007795821556526505,1.3822781684090722e-21
AATCAGGTTTCATTTA-1,0.0003503351339568963,0.28595877406925624,0.0007629776878996916,0.7129279131088873,2.516144529101688e-17
AATCATGTAAAGACTC-1,0.17914751026954365,9.934423000000904e-09,0.031627448230929556,0.7892250315651038,2.9220854215450675e-27
AATCCAAGGGCCTGAG-1,0.9897367815516787,1.4100802504521148e-11,0.00012153098195404024,0.010141687452266627,3.1348080550666613e-30
AATCCATGCAAGGGTG-1,0.6437894388785071,3.942883737577393e-09,0.28859836123391447,0.0676121959446946,6.467069859029099e-25
AATCGCCTCAGCGCCA-1,0.9714806639942157,2.0555951354583926e-07,0.002469304819275773,0.026049825626994864,9.213478688361671e-25
AATCGCGCAGAGGACT-1,0.741054063020971,1.139198720828864e-06,0.03094153238624569,0.22800326539406254,7.603473352573771e-23
AATCGGGACACTACGA-1,0.7073700265553649,6.992763378816752e-12,0.2891847000463525,0.0034452733912898777,6.050935483624434e-30
AATCGTGAGCCGAGCA-1,2.62984728022849e-33,7.984423795759339e-20,1.2534951607712046e-29,1.9083762673276945e-30,1.0
AATCTAGGTTTACTTG-1,0.5554573975691238,3.096472152262111e-05,0.015098922031285003,0.42941271567806844,1.173452318211987e-22
AATCTATGCCGGAGCC-1,0.05202922324006777,1.3704489007304104e-08,0.9377622532558985,0.010208509799544675,1.893770907791738e-23
AATCTCTACTGTGGTT-1,0.7923284680315094,7.233913958525807e-08,0.0013435432731863563,0.20632791635616465,8.641419931835212e-25
AATCTGCGTTGGGACG-1,0.9720299492729587,5.716627873072142e-11,0.023214832580886247,0.004755218088988754,9.598880589706298e-29
AATCTGGCTTTCTAGT-1,0.19138231904150735,2.3289328419598335e-06,0.0007196581159201586,0.8078956939097305,2.9309525610349025e-26
AATCTGGGTAGACCCT-1,0.06451904772360482,1.0432661538861562e-08,0.9309498263255049,0.004531115518228594,1.9922177572088812e-22
AATGACAGCAATGTCT-1,0.5811460315837048,4.199821370347832e-09,8.393032282504929e-05,0.4187700338936487,2.5634946234362827e-30
AATGACGTAGGATGTC-1,0.23978373068101744,9.310049883036758e-05,0.00024150985552016377,0.7598816589646321,1.173977681612211e-24
AATGACTGTCAGCCGG-1,0.9544550914543629,5.728230791054397e-09,0.0003343001440844952,0.04521060267332178,3.905577694797221e-24
AATGAGTTCGCATATG-1,0.881455338461726,2.0047791189861247e-10,0.10357544451628407,0.014969216821512199,2.1791653323968366e-29
AATGATGATACGCTAT-1,0.9487282494450522,1.7135870292723863e-08,0.0426250511096257,0.00864668230945185,4.3173544002045944e-24
AATGATGCGACTCCTG-1,0.2410580198482241,6.046289632246872e-09,0.753325867030865,0.00561610707462134,4.467483242434459e-25
AATGCAACCGGGTACC-1,0.8554450362369529,4.6574427048126233e-07,0.08483034164803499,0.05972415637074153,1.9914347001620624e-24
AATGCACCAAGCAATG-1,0.5838272125911583,5.125188085793108e-10,0.4088518285751584,0.007320958321164539,1.918639766351861e-24
AATGGCCGCCAATGCG-1,0.0012443945371242392,0.00018822802892728006,0.9977136067644209,0.0008537706609822051,8.545291395458822e-12
AATGGTCCACCGTTCA-1,0.3250453146528355,1.818149699958233e-05,0.0005168544418092146,0.6744196494083557,4.755675601182711e-21
AATGGTTCTCACAAGC-1,0.9711104272247953,6.507992784787453e-11,0.00013793275236264116,0.02875163995776199,1.1750762962392405e-31
AATGTGCCCGAGGTGT-1,0.27390410326021575,1.0385856955742405e-07,0.017876604094884816,0.7082191887863298,4.6797451326164576e-27
AATGTGCTAATCTGAG-1,3.386199973872927e-12,0.0006700632034510568,2.231218516891834e-10,5.0047589967926417e-11,0.9993299365199932
AATTAAAGGTCGGCGT-1,0.08362690670803657,8.247766762372448e-07,0.0005548399329978665,0.9158174285822894,2.987716160407624e-27
AATTAACGGATTTCCA-1,2.2440780546316856e-14,0.999193816643539,6.903694560391231e-12,3.290401204672922e-10,0.0008061830204946668
AATTAGCGCTGCAGCG-1,0.04107064656896249,0.0003693414810941338,0.00010006159731800557,0.9584599503526253,1.6229832209157586e-20
AATTCATAAGGGATCT-1,0.9560842610445179,2.3502486432210336e-11,0.022694493657743387,0.021221245274236078,5.387040362483787e-31
AATTCATTGTCATGCA-1,0.3379735235484933,7.3365690517294485e-06,0.005510161761385215,0.6565089781210698,1.3768122118550182e-22
AATTCCAAGCATGTAC-1,1.3581512368663938e-33,2.670332980069581e-18,4.766873549974468e-31,2.4726336754313823e-32,1.0
AATTCGATTCGAGGAT-1,8.078290990940483e-33,1.7404523558748422e-14,6.452475425875366e-28,7.81015815465293e-29,0.9999999999999827
AATTCTAGAGTTAGGC-1,0.011115943309222541,0.00011219016443609494,0.08656239458677335,0.902209471939568,6.984436077541218e-21
AATTGAACGCTCTGGT-1,0.7564648334440714,7.708535002136015e-11,0.0005475611424229921,0.2429876053364201,1.0933432990474138e-28
AATTGCAGCAATCGAC-1,0.041558251445806056,0.028271485715062866,0.010446827093665005,0.9197234357454661,1.341751198463314e-19
AATTTGGGACATAGTA-1,0.9641538707154039,6.812450963187958e-11,0.02369678878762558,0.012149340428846004,2.8051552994018195e-30
AATTTGGTTCCAAAGA-1,0.966258318989396,5.5892475318103996e-11,0.02151673025261717,0.012224950702094492,2.8253204648273738e-33
ACAAACCATGCGTCCT-1,0.19865526322484822,7.4783287264025925e-06,0.003433783412934778,0.7979034750334907,5.0143562391217577e-23
ACAAACCGACAAGGCG-1,0.4879121345927238,1.4238807017228825e-06,0.13300911588031658,0.3790773256462579,4.029187178605672e-23
ACAAAGCATGACCTAG-1,0.007884392746524934,3.0430245943630345e-06,0.005374480428644515,0.9867380838002363,3.480747345019375e-26
ACAAATCGCACCGAAT-1,0.04828088852215013,7.13078430433306e-06,0.0006719096693018352,0.9510400710242438,1.7944845568545515e-22
ACAAATGGTAGTGTTT-1,0.8639035877923037,3.1823202176265164e-11,0.0007245784169697234,0.13537183375890327,1.7625215736490436e-30
ACAAATTCAGATCTGA-1,0.6655225895328423,1.255053230291044e-09,0.18869757582321653,0.14577983338888806,8.255953817046386e-28
ACAACAGCATGAGCTA-1,0.9271605213607885,2.8611550713704244e-06,0.0018079141934384186,0.07102870329070171,5.98686528125177e-21
ACAACGGTCCCTGCGA-1,0.9975315807022462,3.658774449568447e-11,0.0009111181215682554,0.001557301139597842,5.847629164216094e-28
ACAAGCAGTGCCTAGC-1,0.9656751325007707,1.1251948353161052e-11,0.002525465369571524,0.031799402118406005,2.484514067367277e-26
ACAAGCTATATGGAAG-1,0.8668760877348944,6.305649956639096e-10,0.01543860950735469,0.1176853021271859,4.1463940816648496e-29
ACAAGGAAATCCGCCC-1,0.41767821220460943,3.5740452656630584e-06,0.08354285925224395,0.49877535449788096,3.8006438504379324e-19
ACAAGGACAAGAGGTT-1,0.9362388298973858,1.3372479792532893e-08,0.0007703696119536718,0.06299078711818078,2.1104397279188235e-26
ACAAGGATGCTTTAGG-1,0.0005483312970765569,0.8641086565868374,0.0001822025247491977,0.1351608095913327,4.244315179257492e-15
ACAAGGCCTACCAGCC-1,0.6828509725952093,4.891685636363765e-09,0.043641530514441286,0.2735074919986637,1.1046471835377622e-25
ACAAGGGCAGGCTCTG-1,0.7953358452978123,1.6653528058932955e-09,0.000924240278348664,0.20373991275848632,3.2867208236035526e-28
ACAATAGTCGTACGTT-1,0.939775791998364,7.215390167073726e-09,0.0001066692021583828,0.06011753158408745,4.8697775461305213e-26
ACAATCCATTTAAACC-1,0.8082310539708646,2.5935382103745246e-07,0.0007514075752520636,0.1910172791000624,7.692405489567173e-24
ACAATCGATCTTTATA-1,0.15628668065628784,4.435694221806398e-08,0.8202553548515691,0.023457920135200695,5.42819015716964e-23
ACAATGAATACGGAGA-1,0.304951002053621,9.501571964390897e-06,0.0010506330187458346,0.6939888633556689,4.024285195797878e-20
ACAATGATTCTTCTAC-1,0.06803342468553049,3.5470229251389487e-09,0.9020665656251777,0.029900006142268905,3.2550755099252958e-24
ACAATTGTGTCTCTTT-1,0.40776545026069067,3.6986827089874514e-07,0.049242446684470885,0.5429917331865676,8.125227304327419e-24
ACAATTTAGGAGGCTC-1,0.60173668059595,1.5309887921728418e-06,0.26209336741749284,0.13616842099776516,2.749165235345276e-25
ACAATTTGAGCAGTGG-1,0.8879315670534724,0.00017665917088159923,0.002643521907510451,0.10924825186813551,1.4767047952956232e-21
ACAATTTGGCCATATT-1,0.9486353671003576,4.177390973356304e-10,0.008400680656800278,0.04296395182510308,4.479547127999221e-27
ACACAAAGACGGGTGG-1,0.9842695037051359,9.541536026159538e-11,0.0035687443434286874,0.012161751856020132,1.3682116427897758e-27
ACACAAATATTCCTAG-1,0.001751073030391282,8.13680422076358e-11,0.9980247796772489,0.00022414721099185374,5.065635028352477e-24
ACACACCAGGACCAGT-1,0.968116173308261,6.418055357933298e-12,0.014435924285549304,0.01744790239977161,3.3160936423598353e-31
ACACACTTTCTACACG-1,0.9454002040765116,5.718814469664907e-06,0.05041153935695013,0.004182537752068703,8.886479381468133e-23
ACACATGATCAAATCT-1,0.023320825150476704,0.0009985682170066809,0.00018703893904297805,0.9754935676934735,1.5072890681779298e-21
ACACATTGACGCAACA-1,0.4013682479113706,3.266366701966848e-09,0.5921597761534542,0.00647197266880849,4.841376896900598e-26
ACACCACATAATTAGC-1,0.2561689784762265,8.886541366365837e-13,0.7406699596394402,0.003161061883444747,2.4542573496151527e-28
ACACCCAGCATGCAGC-1,0.9366809012666494,9.51164095442983e-10,0.0010362231368327812,0.06228287464535389,4.611557671319646e-27
ACACCCGAGAAATCCG-1,0.9897364931084645,1.701234164960354e-11,0.00251714593083201,0.00774636094369127,3.7972479029136827e-26
ACACCGGTCTGACCGC-1,0.6744824330598665,1.5601311958058776e-06,0.003498084208588828,0.32201792260034895,7.060350897019934e-20
ACACCTTAAGTAGGGC-1,0.6025476449571552,1.2285987838223221e-06,0.00035682862930758906,0.3970942978147534,9.934496361348056e-23
ACACCTTACTACTTGC-1,0.9989266664832005,2.708378445708745e-12,0.00023934697105404258,0.0008339865430368793,2.704572531550482e-32
ACACGAGACTCCTTCT-1,0.9498364037947479,9.04608815132993e-11,0.018286715233765925,0.031876880881025076,4.17427143388831e-29
ACACGGCACTATGCAT-1,0.8504225666225232,1.948135542029828e-11,0.13754283562282343,0.012034597735172004,2.5781254464791875e-30
ACACGGGAACTTAGGG-1,0.9989266801712362,5.5731376993897234e-11,0.0002185102912754323,0.0008548094817570999,3.7469384075225024e-27
ACACGTAGGCCACAAG-1,0.03398742426292613,7.097472500102421e-05,0.005071884997654013,0.9608697160144188,3.316175579443262e-22
ACACTCCAATGTCACT-1,0.9392814396009932,3.159991757582714e-08,0.014471869150316233,0.04624665964877292,1.012999975484328e-25
ACACTGATCAAGGTGT-1,4.330930103338848e-06,0.9978545073073557,0.0018921082205788028,0.0002490535077183185,3.424390391901981e-11
ACACTGGGACAGTCGT-1,0.07723897295213975,2.159671178705371e-06,0.0012279097449397888,0.9215309576317418,3.3085256871354695e-25
ACAGAACTGAGAACAA-1,0.0669392728938845,0.00022437629830533425,0.01721450204463659,0.9156218487631735,1.0576574796899248e-19
ACAGATTAGGTTAGTG-1,0.9657815728393881,1.6402926388434612e-11,0.029576999883725565,0.004641427260483184,3.535314369289334e-30
ACAGCATAGAGCCAGT-1,0.9867240597889201,2.534482474045234e-10,0.000973401211916707,0.012302538745714825,5.453266455207665e-30
ACAGCGACATTCTCAT-1,0.11732392768619153,9.795153804025768e-06,0.2404852633105588,0.6421810138494455,1.1711061336879724e-22
ACAGCGCACCCGCAGC-1,0.7063651383139421,2.83404993004628e-08,0.1865966182826521,0.10703821506290652,1.4806120469855083e-24
ACAGGCTTGCCCGACT-1,0.09079301640356419,5.1453146546048015e-06,0.010808302287721682,0.8983935359940595,1.582655662183597e-23
ACAGGTGGAGGTGAGG-1,0.025347689321204344,0.00023861910057657804,0.01954395065860746,0.9548697409196115,2.045180597187417e-20
ACAGGTGTGTTGTTGC-1,0.5656064738207304,1.5389194797956227e-10,0.4077915740983713,0.026601951927006463,1.3940332732819458e-29
ACAGTAATACAACTTG-1,0.5406858267508199,7.48873176712757e-07,0.001426184915946558,0.45788723946005694,9.826034244973537e-26
ACAGTGCAGCGCATTT-1,0.10666919706259814,4.922325839162029e-05,0.5029599419477078,0.3903216377313024,5.858611910702859e-21
ACATAAGTCGTGGTGA-1,0.8407757163422341,1.4696870221540924e-07,0.0007343815030605267,0.15848975518600325,6.917571843727053e-25
ACATAATAAGGCGGTG-1,0.9519153420751498,3.168054615341976e-10,0.015615823864233516,0.032468833743811015,2.069691158786919e-28
ACATCAGCTGGGACGC-1,0.9096990298240493,1.639447803801038e-10,0.07394509831875451,0.016355871693251468,6.880949532654661e-29
ACATCCCGGCCATACG-1,7.61790804066191e-12,0.9996659501049132,3.973709353136939e-12,4.663114450815127e-10,0.00033404941718375493
ACATCCTGGTAACTGT-1,0.8276275528659103,1.4240752376945752e-08,0.033102171802726885,0.13927026109061055,3.1739532439598644e-24
ACATCGATCGTTTACC-1,0.8600180841008526,7.054113505835918e-06,0.0021913404234919654,0.13778352136214952,1.703813155100459e-20
ACATCGGTCAGCCGCG-1,0.6754755708268916,2.0466301320000405e-05,0.0015249923735793278,0.32297897049820906,1.1478119348066536e-21
ACATCGTATGCAATGG-1,0.5488508942464057,1.0793347194946898e-08,0.0002258982301587125,0.4509231967300885,3.5558823099277796e-29
ACATCGTTAACCTAGT-1,0.990448076316974,3.640780461181256e-09,0.0038940838123718187,0.005657836229873804,4.937486235243021e-26
ACATCTCAACGCGTAA-1,0.9635040058536003,5.465225824233483e-10,0.008432614277129855,0.028063379322747193,2.901246787855076e-26
ACATGGCGCCAAAGTA-1,0.951801204286049,3.9667096004029223e-13,0.04364107574208705,0.004557719971467273,5.916440790772315e-32
ACATTAGTTTATATCC-1,0.0064585189447437675,0.006911547917873577,0.0015919664627291577,0.9850379666746533,1.5000135300946807e-16
ACCAAACACCCAGCGA-1,0.018413437522481584,3.0490643843039943e-06,0.9697762439608735,0.011807269452260488,6.592842769340956e-20
ACCAAACTAGAAATCC-1,0.7776883990382853,6.570999004889225e-10,0.21231288070134352,0.009998719603271151,4.818912436399378e-28
ACCAACACCACACACT-1,0.7234275153541689,5.1232124749367956e-08,0.0740061391964646,0.20256629421724173,1.537922642820221e-22
ACCAACCGCACTCCAC-1,0.0068718669208807795,0.0060802268077280106,0.012243310253100322,0.9748045960182882,2.8370433529379908e-15
ACCAACGCTTATTTAT-1,1.3830654662809805e-06,0.999815515209917,8.479129386272375e-05,9.822793716881417e-05,8.249358515999196e-08
ACCAAGAACGCGTGTC-1,0.9749534560755985,2.200027343899927e-10,0.0011511249560989456,0.023895418748299983,2.6878013088833705e-28
ACCAATATGCAAGTTA-1,1.3573416673402672e-05,0.9990642267241513,6.170249029698121e-08,0.0009221381325253899,2.4159515494626494e-11
