,0,1,2,3,4,5,6
AAACAAGTATCTCCCA-1,2.12163054152115e-07,0.0008299902164582345,4.0431487540016335e-37,0.013026374107543115,0.46474010447503455,0.5213957693825851,7.54965532483188e-06
AAACAATCTACTAGCA-1,2.5807855596861566e-11,1.0261182356209184e-08,4.773988129032791e-43,0.006648067398750087,0.8522304120172717,0.14112151028879563,8.19254068754603e-12
AAACACCAATAACTGC-1,0.00047871266570539603,1.3765116203959654e-08,6.329995437783015e-36,0.9918412657225707,0.006868181877432002,0.0008118053183513145,2.065082447340309e-08
AAACAGAGCGACTCCT-1,2.7782507324611226e-09,3.697333853733937e-07,1.64159075639154e-39,0.15442673844313323,0.015571872019112431,0.8299990120783792,2.004947739008218e-06
AAACAGCTTTCAGAAG-1,5.58904426356453e-10,1.4320336640820624e-10,3.0436464218912234e-35,0.9672885087707797,0.03192232234715196,0.0007891681286557816,5.130492093623242e-11
AAACAGGGTCTATATT-1,2.3761294405486153e-09,6.022988470420203e-07,4.836437164719463e-35,0.21612328229565247,0.7732245490754482,0.010651525996142079,3.795778086801721e-08
AAACAGTGTTCCTGGG-1,0.9761185481548461,2.300482551491135e-10,8.1748460762275e-35,0.021471239439550278,5.759293240045483e-06,0.0024044499533844763,2.928930834241169e-09
AAACATTTCCCGGATT-1,2.1599203320437002e-05,1.0106708022529216e-06,5.266044820957899e-39,0.3637976573856154,0.08281352511649184,0.5353575530318486,0.018008654591921396
AAACCCGAACGAAATC-1,1.8452561892291478e-14,8.40177465118856e-05,1.779532828681655e-43,2.5003709420263334e-10,4.27077248075543e-12,6.369421525335909e-09,0.9999159756297402
AAACCGGAAATGTTAA-1,1.1224537298280296e-08,1.1501272548713144e-05,6.240635209806282e-34,0.0027244702490081393,0.01610998771029388,0.8292033647824779,0.15195066476113406
AAACCGGGTAGGTACC-1,3.329741120843589e-08,2.9653060601378662e-08,6.270587980738554e-39,0.9280975978442432,0.0013304244486035187,0.07057191363292888,1.1237526988676818e-09
AAACCGTTCGTCCAGG-1,1.7067339970395218e-08,3.164493621631912e-07,4.4877939873483484e-36,0.9893281149745239,0.00017321432223025177,0.010498335126558813,2.0599849747996487e-09
AAACCTAAGCAGCCGG-1,2.3398820300405667e-09,7.680345015154565e-09,2.533363146037109e-41,0.9919469734548686,0.0008856080390233443,0.00716740741999737,1.0658836945466565e-09
AAACCTCATGAAGTTG-1,5.690562228663344e-09,8.013131574880182e-09,6.784557846269296e-37,0.9644230100726523,0.02970024941745424,0.0058767266294839976,1.7671561960764967e-10
AAACGAAGAACATACC-1,6.677101249696571e-11,5.1683922719141416e-05,2.0994118173760486e-40,0.02708854103437413,0.5810905930898703,0.39176916040821763,2.1478047759330683e-08
AAACGAAGATGGAGTA-1,0.9999999998677642,9.982680269976957e-17,1.0729363177282923e-43,1.2891486373293276e-10,2.5618057595474152e-15,3.3167965828472644e-12,1.35573172727552e-15
AAACGAGACGGTTGAT-1,2.737382606143958e-09,0.9329535614814808,8.790428796511994e-44,0.0005722427364368203,3.5472936766444595e-05,0.06642118100478692,1.7539103146574384e-05
AAACGCCCGAGATCGG-1,2.6158126547481125e-11,9.18092982989145e-09,1.1833181150323322e-44,0.998970710731919,0.0004188451924114839,0.0006104346860090258,1.8257238829367916e-10
AAACGCTGGGCACGAC-1,7.919297517997162e-09,1.514460125578264e-07,1.067555740972201e-39,0.9070269302570693,0.015385197995560169,0.0775877026696322,9.71242840013117e-09
AAACGGGCGTACGGGT-1,4.212007904044597e-08,1.8042203174270693e-06,8.219967304965761e-38,0.9919121371041615,0.000903835363488407,0.007182116562551422,6.4629401966317e-08
AAACGGTTGCGAACTG-1,7.009747600626945e-05,7.174294694739425e-08,2.472870583291725e-30,0.7254000345312653,0.0005469574040803991,0.06808516420855247,0.20589767463714867
AAACGTGTTCGCCCTA-1,3.0195133520830475e-09,4.085383211063432e-06,1.7929902584668026e-39,0.6884836555580371,0.002240721657810235,0.308326445559861,0.0009450888215672149
AAACTAACGTGGCGAC-1,4.3576652011006515e-09,3.302200594205706e-07,1.6523574774591112e-37,0.9508292190890716,0.0007328056230205504,0.0484376240762233,1.663395999486239e-08
AAACTCGGTTCGCAAT-1,3.5415189053880026e-05,1.3996330511848852e-08,1.5404352592486617e-38,0.9866698947015196,0.0019471794471623035,0.011197910415384467,0.0001495862505492121
AAACTCGTGATATAAG-1,6.448961423987894e-11,4.196157495681089e-08,1.9631381610395246e-36,0.05863102030116688,0.860464040395926,0.08090093098006998,3.96629677253271e-06
AAACTGCTGGCTCCAA-1,2.0552540595340862e-12,1.5232771993016334e-08,2.7085400458036604e-41,0.9247858135829584,0.008471476298297424,0.06674269459614666,2.8777034959387897e-10
AAACTTAATTGCACGC-1,1.981810333775711e-07,1.9797715797756298e-12,0.9999998018156928,1.1697914302624762e-12,1.3909565598633881e-14,1.0968786643603034e-13,5.934866176327033e-16
AAACTTGCAAACGTAT-1,1.3237027561230764e-09,9.754150141553852e-09,3.048223213641464e-41,0.9969256259515388,0.00213325452501669,0.0009411080750931567,3.7049838324106066e-10
AAAGAATGACCTTAGA-1,1.9033745540196418e-25,1.9542401517654875e-31,1.0,2.124895884936985e-29,3.370736955418653e-31,9.09912634765531e-31,8.585203620206421e-30
AAAGAATGTGGACTAA-1,3.7330838872974406e-07,1.6190553708658117e-08,3.543118763244451e-26,0.8985184195149711,0.09742880013989359,0.004052386316905515,4.529287448899793e-09
AAAGACATGAAGTTTA-1,4.386370714252787e-11,3.890741393185478e-08,7.293522634691969e-38,0.012363562586480765,0.9569605837360067,0.03067581166040143,3.065833327324217e-09
AAAGACCCAAGTCGCG-1,9.406908379235866e-11,1.97723543218851e-06,1.3472105439950555e-40,0.019511925355067135,0.002598648815926059,0.9778873921999206,5.629958478817124e-08
AAAGACTGGGCGCTTT-1,6.4780736573224e-09,1.565785940441652e-05,2.4278648269389185e-38,0.8804098160724254,0.026590382687528037,0.09298407442384764,6.247872106093565e-08
AAAGCTTGCCTACATA-1,8.859047129533715e-10,2.231223365808139e-06,6.9333119735501986e-37,0.10083944033614,0.009335927621820629,0.8898141442710248,8.255661744024476e-06
AAAGGCCCTATAATAC-1,0.9999999969744044,1.3966684967787172e-11,3.2108848053128977e-29,1.7125540408947717e-09,9.775004539698194e-13,1.289222067877084e-09,8.87540496736187e-12
AAAGGCTACGGACCAT-1,3.1463537313824547e-08,1.7454305703687145e-07,2.5330069013978775e-35,0.9551395991410732,0.025772129613713918,0.019088048162074357,1.7076544218938037e-08
AAAGGCTCTCGCGCCG-1,2.0042283211283335e-08,4.830773046430636e-09,1.6228660874878907e-36,0.9906622123337151,0.0006737854264731823,0.008663976926344444,4.4041119004717924e-10
AAAGGGATGTAGCAAG-1,5.966570428467713e-12,0.6264607311801651,9.506848943447932e-36,3.17813078614926e-05,2.6595063098312e-05,0.0007853973382903011,0.3726954951046183
AAAGGGCAGCTTGAAT-1,2.338847311120538e-09,1.0088401062167279e-07,1.7034863024991976e-39,0.05473635117377709,0.017017824187458258,0.9282456542435595,6.717234720887277e-08
AAAGGTAAGCTGTACC-1,1.9885445405808835e-08,0.0001130729958973193,1.7731546593815445e-39,0.213093613732602,0.003669075219102011,0.7819684321897141,0.001155785977239156
AAAGTAGCATTGCTCA-1,4.458962869629373e-06,6.52808656359714e-06,6.052733168712565e-29,0.928087274548841,0.05410917641779578,0.017791487119269953,1.0748646600072089e-06
AAAGTCACTGATGTAA-1,4.648557685489423e-09,1.4066269594126176e-08,3.9865695210566456e-33,0.0037227997555061058,0.8427934440629034,0.15348373646553937,1.00122383847398e-09
AAAGTCGACCCTCAGT-1,1.4918579963476682e-09,2.850310062730185e-07,4.608184482370491e-42,0.9583915654515416,0.0012003749559409559,0.040407630474818955,1.4259483439277087e-07
AAAGTGCCATCAATTA-1,2.7423958616639454e-08,8.833189388146216e-08,1.01994949927328e-33,0.18693558822299047,0.3548073666228426,0.4582569149717756,1.4426538747954869e-08
AAAGTGTGATTTATCT-1,4.165440973296955e-10,0.01033877466387647,5.0408223764897744e-39,0.028365248741371144,0.6508675780583236,0.31042782319340784,5.749264766753011e-07
AAAGTTGACTCCCGTA-1,3.256846851057885e-11,0.9033357626303047,4.431559637871279e-44,1.0411440880053608e-06,8.156637514830812e-08,7.160617366607254e-05,0.09659150845299785
AAATAACCATACGGGA-1,1.9383728615789717e-13,1.1379640433526832e-08,6.680074927658394e-47,0.010430370193290395,0.9761692922306511,0.013400034400259355,2.917959650673497e-07
AAATAAGGTAGTGCCC-1,2.210598906510324e-11,3.400299138183556e-06,1.574449769397482e-38,0.00741328075986297,0.11206350945188023,0.8805106823684986,9.12709851419336e-06
AAATACCTATAAGCAT-1,2.7096837836125936e-12,8.65563683166559e-11,6.219614941943337e-36,0.03154753149444168,0.9672937780366047,0.0011586903697733,9.914382594356576e-12
AAATAGCTTAGACTTT-1,3.5096758659030796e-07,0.09856183907242241,2.7285543978892056e-37,0.008110791697061982,0.8685744382218876,0.005005361454346478,0.01974721858669492
AAATAGGGTGCTATTG-1,1.5004300557836956e-08,6.417807666975367e-08,2.362469804628574e-37,0.5771229824337777,0.3646776157447743,0.05819930148335848,2.1155712361504757e-08
AAATCCGATACACGCC-1,1.2834230926705702e-08,2.8936508462634333e-08,7.217992129527106e-38,0.989536321990178,0.0007430666167471698,0.00972056405485913,5.567476383694923e-09
AAATCGCGGAAGGAGT-1,0.9999997341258914,4.4305693414940073e-10,2.322069177931934e-24,2.611759944588188e-07,1.5943397598975503e-11,3.364724026464594e-09,8.743896439087884e-10
AAATCGTGTACCACAA-1,1.1640226001778193e-10,5.605353320751821e-05,3.4466634470190905e-44,0.5932953371505119,0.25315225504447225,0.15349608781858232,2.6633682371273297e-07
AAATCTAGCCCTGCTA-1,1.5291105296474495e-07,1.5069333926761379e-05,1.5180246196440248e-40,0.00023526857463203812,0.0006252796567664145,0.22728187643366352,0.7718423530899583
AAATGACTGATCAAAC-1,3.2008678701726586e-06,2.0111917198279399e-07,4.048339614660984e-31,0.849777032632861,0.10052351461918363,0.04969497901184763,1.071749065731762e-06
AAATGATTCGATCAGC-1,4.750470855682934e-09,1.6326802607949655e-07,3.517305635545175e-39,0.3073696032234645,0.1146735123845549,0.5779404237938296,1.629257965397794e-05
AAATGCTCGTTACGTT-1,2.0353677892683826e-11,0.9999995646079826,9.136912183923766e-36,7.264424566572067e-10,4.958533952630732e-09,4.0389761766720753e-07,2.5789069821266108e-08
AAATGGCATGTCTTGT-1,1.5824840346562785e-09,2.3282454908508057e-06,5.055780202518084e-38,0.0035496787090563723,0.012761354400277052,0.9836865409432001,9.611949176702703e-08
AAATGGCCCGTGCCCT-1,7.860880333742213e-08,1.4150323132657133e-08,6.34303186966473e-37,0.9734440281382664,0.019480106170627124,0.007075771974081629,9.578985656323728e-10
AAATGGTCAATGTGCC-1,7.115247999237286e-09,1.407866125543931e-07,4.7917428330386863e-42,0.4081825795607343,0.237559781869248,0.35425747263284585,1.80353111806928e-08
AAATGTATCTTATCCC-1,1.1835046444758776e-10,7.826177535138597e-08,7.455981068538667e-35,0.13740353735022545,0.7866421060954316,0.07595427757637958,5.978375249362761e-10
AAATGTGGGTGCTCCT-1,7.67026838053953e-12,1.257907685815987e-07,5.063630064046226e-41,0.19752500554636152,0.26952314313784936,0.5329517250471699,4.701803202549734e-10
AAATTAACGGGTAGCT-1,1.912174400122763e-11,6.343299388364575e-07,4.5697576656901895e-40,0.03711770177140063,0.7006354806572015,0.26224616404727075,1.917506676583381e-08
AAATTAATAAGCGCGA-1,1.4040930680069102e-10,5.104908426390151e-05,1.3411621625399749e-31,0.6058311307777594,0.3078433009944116,0.08624174753365478,3.2771469500926033e-05
AAATTACACGACTCTG-1,1.0260113238501191e-09,6.593610686314553e-08,1.7488604782246833e-43,0.6553217521068256,0.058408708820008204,0.28626946540029113,6.71075687466136e-09
AAATTACCTATCGATG-1,3.4611130722861395e-09,9.455441086566655e-06,1.183905612925957e-41,0.010785137227091993,0.7014074711993988,0.287756966632633,4.0966038676457735e-05
AAATTCCAGGTCCAAA-1,4.428408589809949e-12,0.0003904717646890618,2.829374997582153e-41,3.266940021897966e-05,5.392111318823794e-05,0.0013295583974808304,0.9981933793199946
AAATTGATAGTCCTTT-1,7.195936186052575e-06,2.1105244999083578e-08,1.8311685255754746e-37,0.8312646245153635,0.16520663189499513,0.0035215257397764126,8.084339691488599e-10
AAATTGCGGCGGTTCT-1,3.6369461347533406e-06,6.308739923911085e-05,1.4938742236478654e-41,0.11324552308173329,0.009168607896008693,0.877519057548378,8.712850607449207e-08
AAATTGGTGAGAAGCA-1,4.900633116290793e-11,1.2366313804573497e-07,2.5428663540722096e-41,0.6484447446185516,0.24855096340749952,0.103003740596455,4.2766534940767445e-07
AAATTTACCGAAATCC-1,4.774514273374138e-10,1.660379373853505e-05,1.4853011819579496e-38,0.036272482324145976,0.8166223135550368,0.1470885203138491,7.953577794411772e-08
AAATTTGCGGGTGTGG-1,3.569563497883468e-09,5.2593181199646756e-09,7.847859421876467e-40,0.9401141301116659,0.003331523981785073,0.056554333504210665,3.573456651288928e-09
AACAACTGGTAGTTGC-1,9.608021714105596e-08,0.0001782781394976694,3.754669965463872e-32,0.13483451839385382,0.010663892211534805,0.8543180174161498,5.197758746697968e-06
AACAATACATTGTCGA-1,6.369335466393321e-07,2.3168391260748225e-08,3.817049213373379e-34,0.9780309580719051,0.020688182262134463,0.001280198996658023,5.673643262372169e-10
AACAATTACTCTACGC-1,3.21571283374933e-08,1.6704237532087693e-05,1.7308514290607793e-42,0.26090482070222615,0.5507682621516157,0.18831014182940886,3.892208893839682e-08
AACACACGCTCGCCGC-1,5.53628221200089e-09,3.4375939491920184e-06,4.025532732624935e-42,0.2133334427437331,0.1126125302814819,0.6740498019691912,7.818753622385289e-07
AACACGACTGTACTGA-1,3.711171961572905e-12,2.8770874343470474e-07,2.400072501291656e-40,0.024573331871537648,0.2583773965784228,0.7170489833954568,4.421282489398564e-10
AACACGAGACGCGGCC-1,1.570200566626087e-10,1.9170722062060689e-10,8.453988514615216e-39,0.9988957605984016,0.0002552259760934018,0.0008490130750187414,1.7589912736189746e-12
AACACGCGGCCGCGAA-1,4.294721999197902e-09,0.002591567523226816,2.6712846100943732e-36,0.03150467128387348,0.005363403775056276,0.9605391669225806,1.186200540844325e-06
AACAGCTGTGTGGCAA-1,0.0007394643426706652,1.8932598747664683e-06,8.270585528995697e-35,0.9960627415973426,0.00010415793928562083,0.0030917299950032518,1.2865822989494139e-08
AACAGGAAATCGAATA-1,2.4150035878252196e-10,2.179013410196638e-05,1.0180069486170366e-37,0.004555694934142974,0.8346541206766838,0.16076822324956638,1.7076400451134746e-07
AACAGGATGGGCCGCG-1,1.3043531254087925e-07,0.01431523954558606,1.7583494001586074e-40,0.8844021075527014,0.0034219621869336823,0.09785469021242675,5.870067039598777e-06
AACAGGTAGTATGGAT-1,1.0342420448530852e-06,0.9737522432329967,4.888515662878241e-35,0.0006620822465095034,0.0004956090065198557,0.0025800211497804247,0.022509010122148655
AACATAGCGTGTATCG-1,4.054502538670912e-07,7.985634531590343e-08,8.617844327821216e-41,0.9877242561768796,0.01140006321468944,0.0008751917305486589,3.571283285271321e-09
AACATATCAACTGGTG-1,1.9831779696147394e-09,0.056646887168388234,2.6666011472858223e-41,0.00129797129871571,0.005835036154661079,0.10457917678649539,0.8316409266085617
AACATCGATACGTCTA-1,1.4509417590913466e-11,2.1689247399520207e-06,6.413677176748816e-40,0.032580225814774384,0.7478194267956796,0.2107994376334454,0.008798740816851152
AACATTGAAGTTGATC-1,0.9999926058540376,1.9826299422132363e-07,4.2042705659895467e-19,7.039429997155294e-06,5.7478427053434465e-08,9.87994313634199e-08,1.7511268618796373e-10
AACATTGTGACTCGAG-1,7.805977618865712e-05,5.165604993790183e-08,4.125860527824974e-32,0.9683466960749441,0.0010035049179282246,0.030571677990788818,9.584100340275585e-09
AACCAAGACTTCTCTG-1,4.2175762232726626e-07,5.456181980638271e-07,1.8980967556181314e-38,0.6649828522223546,0.26814184298901916,0.06687433270763816,4.705167723417957e-09
AACCAGTATCACTCTT-1,2.5825127210574697e-11,4.618496145967453e-08,4.2981886142050284e-44,0.08678285755952965,0.8931197373581159,0.020097336317332955,2.2554234814210655e-08
AACCATAGGGTTGAAC-1,1.0192797410569065e-28,2.7234525354083826e-36,1.0,3.793232377699431e-35,3.7308988415164777e-37,5.2967498052343285e-36,3.613971765224191e-37
AACCATGGGATCGCTA-1,4.679245440738411e-08,0.9828694967374616,1.4329987156581526e-36,1.8669059134366614e-06,1.0920787698716875e-08,4.295065159641612e-05,0.01708562799178644
AACCCAGAGACGGAGA-1,5.687650658344294e-05,0.9760014120396343,3.652369397114679e-22,0.0006404416413270746,4.4629079161195125e-06,0.0004928621040993971,0.022803944800439773
AACCCATCCCATGATC-1,0.9999440697832712,8.34746959090138e-15,1.7435035900670227e-28,5.567546417555486e-05,2.1437498006023068e-08,2.3331504013931075e-07,6.727281293004168e-15
AACCCGACAACCCGTG-1,0.26250543858055003,4.246042717640869e-07,3.0806149623882163e-28,0.7365480265453006,0.0001094571451270107,0.00083582671280687,8.264119436585526e-07
AACCCGAGCAGAATCG-1,1.3871215023243252e-08,6.047547581382024e-07,4.974427975191183e-41,0.1686124931107341,0.01920557038235624,0.8121726946386805,8.623242256042623e-06
AACCCGCTGTATTCCA-1,0.4196595134512843,7.127968077466144e-09,6.390409969402056e-29,0.5740869854594135,7.972109924022517e-05,0.0061737711301896765,1.7319042075992608e-09
AACCCTACTGTCAATA-1,2.6719922043880795e-16,0.0009508359731824433,3.190486800064273e-44,1.481773603273233e-11,1.3654838536759203e-12,4.279913660995002e-10,0.9990491635826427
AACCCTGGTGGAACCA-1,4.854914499932677e-11,2.647757433918431e-07,1.3905749971393368e-39,0.20808050383536164,0.007609665073390292,0.7843095614848496,4.7821059521530205e-09
AACCGAGCTTGGTCAT-1,4.098941676627008e-14,0.9592005899279586,1.0593380873145586e-32,3.496275628687521e-08,1.0593872482396835e-09,1.670755434161214e-05,0.040782666495515416
AACCGCTAAGGGATGC-1,7.214927603859989e-08,2.325958933427802e-05,3.6814601882786093e-37,0.5794514631795123,0.004358331101848629,0.41616538875146186,1.485228566827365e-06
AACCGTTGTGTTTGCT-1,6.393565592670193e-10,1.8349001886766158e-07,7.954516827895212e-42,0.07887195529749516,0.000674077974988743,0.9204537818879086,7.102319601585036e-10
AACCTAAAGCCGTCCG-1,4.08859995777176e-08,9.588144215404742e-08,4.4392115366938524e-39,0.9666819477260967,0.002044323487730995,0.031273487076779606,1.0494195097303048e-07
AACCTCGCTTTAGCCC-1,1.402265941345096e-06,2.0434159143964294e-07,1.597838159610255e-36,0.7607378412832209,0.0017264515591000102,0.23752918173335508,4.918816791251951e-06
AACCTGTCACGGAATT-1,1.2766453232166778e-08,0.01653907013750454,1.0855312360261198e-42,0.027865865819131867,0.002767210056764057,0.37283161480978133,0.5799962264103651
AACCTTTAAATACGGT-1,1.027946408982517e-08,3.2123656316689416e-10,2.0964294533990563e-39,0.6272515359029759,0.3624515098287583,0.010296941794112729,1.8734523791475505e-09
AACCTTTACGACGTCT-1,4.9726343559342116e-08,1.0375190659645703e-05,1.9979039924370794e-44,0.8144775481746089,0.0036158251333005915,0.18189620085833483,9.16752597932202e-10
AACGAAAGTCGTCCCA-1,0.9999999975568974,2.3240657730972043e-11,4.293029556525261e-34,9.840672583820826e-10,2.331172174696265e-14,1.1538447492069785e-09,2.8192645964327963e-10
AACGACCTCCTAGCCG-1,0.0015040639192465573,1.03649013606341e-06,9.033313889035386e-36,0.808193131097716,0.00029316857822152053,0.1900084772997493,1.2261493074134425e-07
AACGATAATGCCGTAG-1,2.209681374910614e-09,3.799604658121916e-08,8.283157553706614e-38,0.9917675146866304,0.0027927415682944354,0.005439698637720565,4.9016267367323075e-09
AACGATAGAAGGGCCG-1,3.4760178202772463e-06,0.16062189053659318,9.559465361726688e-28,0.07003442990898483,0.0011322532559726933,0.767408213822786,0.0007997364578428816
AACGATATGTCAACTG-1,2.947814272180107e-12,0.9713463649144467,4.6604955307400676e-42,8.446324585672842e-06,0.00011640860986054728,0.027715909044295453,0.000812871103863948
AACGCATGATCTGGGT-1,6.349859484784338e-09,1.75723463373128e-06,4.655792052537652e-37,0.14481460305247912,0.00593080560907661,0.8492252020540707,2.7625699880251797e-05
AACGCGAACGGCAACA-1,6.6100199854177114e-09,0.0008765689308837688,3.6362767806494866e-38,0.05282245086142198,0.0004978209570008932,0.9458031373317126,1.5308960833550137e-08
AACGCGACCTTGGGCG-1,0.011393438805256362,1.9054265564547745e-08,2.045269924803143e-31,0.9840482491428174,0.00018362056546640033,0.004374140320607292,5.321115867677142e-07
AACGCGGTCTCCAGCC-1,1.441332350402572e-14,7.661555402996338e-05,2.720916636489225e-37,1.6658619216851595e-07,2.3503373772253618e-08,1.3045573398605789e-05,0.9999101487829911
AACGCTGTTGCTGAAA-1,3.04469862344885e-06,6.877460792182435e-08,2.7378875477204965e-34,0.6307456316400248,0.025763365026416588,0.3434872311286656,6.587316617161452e-07
AACGGACGTACGTATA-1,2.4079572967735436e-09,3.787294145086867e-08,1.74465313505971e-40,0.1403932195133834,0.0394116479888871,0.8201950525129096,3.9703921042783105e-08
AACGGCCATCTCCGGT-1,1.2665012873757585e-08,1.4605283090122982e-08,2.9776812326049936e-42,0.9910244069858923,0.002004290620698961,0.006971274953938613,1.6917442967917576e-10
AACGTACTGTGGGTAC-1,6.63655690618616e-11,8.531536765627697e-08,6.401855343824523e-41,0.9717816098903392,0.011192395018013904,0.017025906465804264,3.244109416514739e-09
AACGTAGTCTACCCAT-1,3.0126861815225345e-09,2.075541917877371e-06,3.2655577251590396e-38,0.0414186002177594,0.09869581286171762,0.8598835002691273,8.096791767978443e-09
AACGTCAGACTAGTGG-1,5.943221080391512e-10,0.9999026822299169,6.29196352327724e-35,2.254503474825594e-06,8.894599124236333e-07,8.855154663337809e-05,5.62166574026014e-06
AACGTCATCCGGCTTG-1,0.0023607958356275304,3.809244212891916e-08,3.977337346870905e-37,0.9956238744847566,1.975162821035705e-06,0.0020133120412342926,4.383118511056912e-09
AACGTCGCTGCACTTC-1,9.670530831574485e-06,4.8027738232761975e-08,1.0820700895223787e-35,0.9929259506183994,0.0005659805456010683,0.0064983102026160335,4.007481364249701e-08
AACGTGATGAAGGACA-1,2.3741588308495878e-11,7.596675995102438e-08,5.552082286394591e-40,0.6296010336238601,0.03266503173729134,0.3377338573580488,1.2902982125549767e-09
AACGTGCGAAAGTCTC-1,1.7901857092220966e-07,0.001944635962543367,7.065180786334069e-43,0.0031176958797304306,7.954733950032083e-05,0.994051448797845,0.0008064930018098129
AACGTTATCAGCACCT-1,1.758238546425355e-10,1.3898489483278554e-05,2.7790921677443183e-36,0.26484501426205764,0.013704556064320798,0.7214365292314053,1.7769090058956367e-09
AACGTTCTACCATTGT-1,1.2628679875708659e-08,8.726575143041173e-07,1.3295756480548196e-39,0.8960943016878311,0.06283573387220662,0.04106906960188129,9.551886753958982e-09
AACTACCCGTTTGTCA-1,4.628817542030078e-14,0.13059976222422365,3.0399468141913576e-34,2.3289625043973566e-10,1.3421283762578666e-11,6.723579790153741e-08,0.8694001702936146
AACTAGCGTATCGCAC-1,4.266843892581111e-07,3.0757006032154936e-05,2.2853470414457594e-38,0.01526604762179025,0.014712410715996316,0.9699902792036661,7.876812592371715e-08
AACTAGGCTTGGGTGT-1,4.3213547653990375e-10,1.114568575986637e-09,4.6525954691733055e-38,0.9989200029114307,0.0007053083485817861,0.00037468711655631637,7.672706107656287e-11
AACTCAAGTTAATTGC-1,5.279620559412342e-11,1.992350202964003e-07,3.72249044548761e-39,0.04103191723483889,0.8818326681898376,0.07713521304689058,2.2406162133529774e-09
AACTCCAGAGCGTGTT-1,1.0666535088343439e-09,1.3717433012350698e-06,2.863088571562337e-43,0.6340794137255049,0.029013734385109704,0.3369054419052178,3.7174212794787e-08
AACTCCTAATCCCATG-1,2.6681055200346483e-12,2.8400007840417174e-07,4.053921811277279e-40,0.13172267659802506,0.7488219514793995,0.11945487657836668,2.1134146238252254e-07
AACTCGATGGCGCAGT-1,3.469948660104929e-10,0.9999920598438349,5.538423896266505e-36,3.517611506568362e-10,2.972767035669985e-10,4.5039226665936937e-07,7.488767865815839e-06
AACTCTCAATAGAGCG-1,1.849011848298385e-15,0.0002037211815027893,7.441276587030509e-40,2.0371894716594017e-08,6.351819677110623e-09,2.28150780654758e-06,0.9997939705869744
AACTCTCAGTGTGCTC-1,1.2779676122306272e-05,4.490660507870917e-06,1.9402552177302548e-27,0.2929258998540932,0.014826608437230401,0.6922302200293061,1.3427402019901975e-09
AACTGAGGTCAGCGTC-1,3.298317699316202e-07,1.9738383387806108e-07,1.327796285823673e-31,0.7409885645853388,0.0022335247354717653,0.25223186405165543,0.004545519411930109
AACTGAGTTATACTGA-1,2.8075377884551795e-15,0.7995402513729077,1.0997999994644298e-36,2.5964649410774233e-11,5.002773944838409e-08,1.7852786052824619e-07,0.2004595200455249
AACTGATATTAGGCCT-1,3.197921281180928e-09,0.00017733326439561367,2.9877745882866285e-34,0.0012704219641100102,0.2235662817316687,0.7748627736546785,0.00012318618722588013
AACTGGGTCCCGACGT-1,1.4287962933978602e-14,0.0019876493425908443,1.401771662419101e-41,3.3660571715503876e-08,1.1155962673774012e-10,2.398289367245318e-05,0.9979883339915911
AACTGGGTTCGAGCCG-1,3.4370919070135833e-10,4.008192397367153e-05,1.8073683696152783e-48,0.9829894478026001,0.0016222018004806232,0.015348258481607868,9.647628684882666e-09
AACTGGTGTGGGCCTT-1,8.828542796943207e-11,2.6595252145208706e-08,1.4364821320263327e-42,0.1544649633551549,0.09489479641058092,0.7506402098866665,3.6640601981793125e-09
AACTTCTGCGTCTATC-1,1.1135446306844603e-17,0.9999977303863126,2.9846752983900284e-44,5.549576233045049e-10,8.032072266702581e-09,2.080810599819988e-06,1.8021605751327878e-07
AACTTGCCCGTATGCA-1,2.87038034916288e-06,2.1288024945722334e-05,3.3317359112619662e-37,0.5526644862401843,0.08592337051036916,0.3613843133466005,3.671497551175224e-06
AACTTGCGTTCTCGCG-1,0.00010516741167353646,0.9997583016009071,1.0731338490621259e-32,5.280519078873934e-06,9.042971814033886e-09,0.00012531016679449126,5.931258574306731e-06
AACTTTACGGGAGCTT-1,5.183255580875864e-10,3.0895797431154273e-07,3.398425987292833e-44,0.8389291415943072,0.022712162718776793,0.13835838456149932,1.6491166829877353e-09
AACTTTAGCTGCTGAG-1,3.5149463051721588e-09,1.600861581513337e-07,2.3364875793717466e-40,0.11472768626065133,0.4950349908984027,0.3902371521959638,7.043877651327505e-09
AACTTTCTCGATCATG-1,8.642928878341579e-11,6.312791855787946e-06,1.5479830250110882e-38,0.02681438224390957,0.25916939833533476,0.7139595122052851,5.0394337185519854e-05
AAGAAATCACCAGATT-1,1.3436264279352893e-12,2.324607994412331e-06,1.2696495550385276e-41,0.151746583377764,0.6689952974959713,0.17925503466286002,7.598540666104243e-07
AAGAAGGATCAGTTAG-1,1.1071337155437958e-11,0.002820957332722445,8.718779285554561e-32,9.15976601955025e-12,3.068887326057269e-10,2.860665088578646e-08,0.9971790137335069
AAGACATACGTGGTTT-1,1.802631466227566e-09,3.37183975941903e-08,1.5361532359898396e-45,0.5633446301026677,0.40622827348342183,0.030427056040773746,4.852107605826261e-09
AAGACCAAATAACTCA-1,7.241976269487627e-36,1.1066112002714084e-40,1.0,1.8698792772067722e-42,4.3216853610960184e-44,3.9578859695008984e-43,1.6893702959706366e-43
AAGACCCAACTGAACA-1,6.770089214057055e-09,3.9060829450938864e-08,3.500107169399495e-34,0.9881142118181917,0.008184916190769926,0.003700824420909621,1.7392099993020439e-09
AAGACTAACCCGTTGT-1,6.039709926623672e-10,0.0002585438072240435,5.397171025755485e-49,0.006364636259639681,0.05190041835669008,0.9414761410499527,2.599225224930292e-07
AAGACTCACGCCCACT-1,3.146142589824766e-10,3.5167515990494754e-08,1.1511745725629297e-37,0.9001912805315905,0.07434889281358584,0.025459767539724103,2.3632969389272772e-08
AAGACTGCAAGCTACT-1,1.0313285251346796e-08,0.0018754723014938902,3.7365191462438806e-40,0.26692092225856473,0.11351108715915215,0.6176911902853089,1.3176821951336934e-06
AAGAGATGAATCGGTA-1,1.1890441159938995e-08,7.4469957084733255e-06,1.1572165010716668e-38,0.22902736116980302,0.2320607549883667,0.5389044159318274,9.023853327257937e-09
AAGAGCTCTTTATCGG-1,2.4755044877480846e-12,0.9951127706415019,5.670881569057527e-43,8.245098554956878e-06,3.0942501135181004e-05,0.004840927134013026,7.114622319577709e-06
AAGAGGATGTACGCGA-1,7.295015044535201e-10,9.220153328859597e-09,6.2229114976858424e-43,0.9465032160620057,0.008641870231188703,0.04485490374962116,7.529717254405799e-12
AAGAGGCATGGATCGC-1,1.6347910215182282e-10,0.9412008236681135,1.2727197020601476e-37,0.00014771363562788165,4.4959488418846004e-07,0.027445478360179458,0.03120553457771586
AAGAGGCCCTTTGGAA-1,2.0839210154475155e-09,2.5597242189441836e-08,2.8122070412338885e-39,0.5611664269649644,0.07931512164697174,0.35951839628224047,2.7424660130908972e-08
AAGATGGCACCGGACC-1,3.4972208408225735e-06,5.432944255819852e-08,1.4923780872456186e-31,0.993790619361015,0.0011838426502648334,0.005021986043333478,3.951032274408318e-10
AAGATTGGCGGAACGT-1,1.9267220998846635e-10,0.9581341966988702,2.5940221187376915e-40,0.0004518154487485057,4.07215824952147e-06,0.041404116947858956,5.798553600528668e-06
AAGCACCCTGCGTATC-1,1.6345398352357805e-10,8.054955758684453e-08,2.4286946034990812e-40,0.996961173453481,0.00013711349443414132,0.002901608340458585,2.3998614869146084e-08
AAGCATACTCTCCTGA-1,7.002160242181083e-09,2.69474395523362e-10,1.6411378150108894e-39,0.8640988711699409,0.12832631719040752,0.007574804345224457,2.27924528773318e-11
AAGCCACTTGCAGGTA-1,2.4450000346906506e-40,1.4708592868415773e-48,1.0,1.8076763349920394e-48,1.2802854418530932e-52,1.5262123333813586e-49,1.6469613843127143e-50
AAGCCGAAGCGGTTTA-1,2.345275322153739e-11,0.977824570399165,1.320450591924683e-42,0.0007587750053497804,5.110075902297891e-06,0.0010905010802905344,0.02032104341583977
AAGCCGCCGTGAAATC-1,0.9999406765756119,2.131119500450381e-14,9.327567768610241e-28,5.920567358325017e-05,2.498526812940028e-09,1.1525223736282432e-07,1.9260170827973685e-14
AAGCCGCTTTACCTTG-1,3.078610103899552e-08,4.072909165977599e-06,7.777773768662568e-34,0.010685206335497598,0.010633041292096126,0.9786749464870678,2.702190071478746e-06
AAGCCGGAGAGCAGGA-1,8.232918751513275e-08,5.1524693429190536e-05,1.4202933543588898e-38,0.38503310933084983,0.017131811431976916,0.5977284238962358,5.504831832059544e-05
AAGCGCAGGGCTTTGA-1,5.523094621986849e-08,1.6002867250638458e-09,6.808895060859343e-39,0.9993342647363949,4.875811021086958e-05,0.0006169202690429076,5.311842784296039e-11
AAGCGGAGTGCGCGCA-1,3.605058977643112e-09,2.2897297190733706e-07,2.346023180029383e-30,0.9422205286269578,0.0015868653872338006,0.05619233395343161,3.9454345783671056e-08
AAGCGGCGTCATGGGT-1,2.3891564088834844e-06,2.8059427298373272e-08,4.006456608691338e-30,0.7260454809920203,0.0007534610585093962,0.2731986310963057,9.63732857174461e-09
AAGCGTCCCTCATCGA-1,1.1634049511644998e-05,2.002041617912405e-08,8.705675658181148e-36,0.9854163227446108,0.0007611396766961006,0.013810882863225061,6.455402439359177e-10
AAGCTAGATCGAGTAA-1,9.452864137953482e-12,7.305367724958182e-09,2.5404845467923864e-42,0.33358297297693734,0.6447336074081232,0.0216834120487742,2.513448307022179e-10
AAGCTCGTGCCAAGTC-1,9.645429182529174e-08,0.27121973487352385,3.732070796994606e-39,0.042710973425653664,0.058072605513027176,0.6067495428007075,0.021247046932796103
AAGCTCTTTCATGGTG-1,1.509203473148788e-07,4.382307593682987e-08,5.3455120929908106e-43,0.9383978047779296,0.05627477546323412,0.005327221575286404,3.4401268165193403e-09
AAGGAGAACTTATAAG-1,1.4246389644035897e-12,1.0842981288749196e-09,5.04459037701459e-44,0.0008623250312863837,0.9956089146681724,0.0035287591562155455,5.860322529820364e-11
AAGGAGCGGTTGGTGC-1,1.8205655137703438e-05,0.009385112446095668,1.1889519650553584e-35,0.2825557267581372,0.0003119993324125224,0.7076359648742475,9.299093396936859e-05
AAGGATCGATCGCTTG-1,2.7216764691345796e-08,2.2552689961318964e-08,2.0991977301907376e-32,1.0853311439188934e-08,9.120115354336628e-11,1.210595806342807e-06,0.9999987286902265
AAGGATGAGGGACCTC-1,1.8386432283946957e-10,0.06125361776419585,3.908773836258646e-42,0.0005073489333268423,0.0004591844254881501,0.9360675987594593,0.0017122499336654686
AAGGCAGGCTGTCTCC-1,5.082711469543058e-07,0.9996828856680311,1.6406251652165893e-32,4.229067183644449e-06,3.756353885054787e-09,9.71818843538961e-07,0.00031140141844079503
AAGGCGCGTAAAGCTT-1,4.3825389796481885e-11,0.9841380210469033,6.148751968275744e-42,0.00010598613664197123,1.2699103372937606e-06,0.01554310201336662,0.0002116208489255288
AAGGCTGTGCTCATCG-1,1.1815863825347764e-06,1.487037483034746e-06,1.8137794207566408e-38,0.07540427670550087,0.012343174639317589,0.9122498400680366,3.9963279326830864e-08
AAGGGAACGACTGGCT-1,0.9959185401007888,5.721346562696548e-09,5.411978979058676e-29,0.00397361695594176,3.973582873427491e-06,0.00010386352717153594,1.1187780179629655e-10
AAGGGACAGATTCTGT-1,2.6372510157448283e-06,0.0007921351469656501,1.4764760631175914e-37,0.05018748549674595,0.3883478346931323,0.5604873011007347,0.00018260631140555082
AAGGGACTATGCATTC-1,0.5938572224551398,7.572824014956051e-06,4.0805876935859994e-30,0.40196292954534574,0.0001913354449571629,0.001927831941925955,0.002053107788616432
AAGGGTTTGATTTCAG-1,0.9999999999895299,2.114537312240326e-15,6.101945487677541e-12,4.09606367084891e-12,2.485465935679945e-13,2.1069947895350708e-14,2.1562074316535983e-16
AAGGTATCCTAATATA-1,4.14748790162102e-14,0.9957421255252061,1.7237794143359593e-37,8.307377847887467e-05,0.0010460118068801344,0.0030864662849314213,4.232260446199681e-05
AAGGTGATAAACCAGC-1,1.988606942778063e-08,0.0009658623925115276,3.172256258264685e-33,0.1583876270781357,0.0006323780962464886,0.8385691675002491,0.0014449450467876738
AAGTAAGCTTCCAAAC-1,1.1847263179537942e-06,6.61825656180299e-06,6.149606482541282e-22,0.49560052889000505,0.18740116449450578,0.3169903748309396,1.2880166972593205e-07
AAGTAGAAGACCGGGT-1,3.493070307852646e-05,0.3961324571898918,4.4028115754077584e-33,0.020721465921825884,6.284054127932198e-05,0.5829816592010941,6.664644283037987e-05
AAGTAGTGACGCGAGG-1,1.4709958880661132e-07,4.5088527798031306e-05,1.3733326443583024e-39,0.8539999772018304,0.007796291261335093,0.1381584912346104,4.674837074563322e-09
AAGTCAATTGTCGTCA-1,5.062712249395853e-15,0.15372679663458733,3.935598312541805e-37,1.7638910295235973e-07,3.3843478913601154e-09,1.681059825293172e-07,0.8462728554859742
AAGTCTAGTAGCTGCC-1,9.14882349871003e-12,1.494082895553306e-06,8.843246592215247e-43,0.032343231145264495,0.006423014231614826,0.9500116589650938,0.011220601565982435
AAGTCTTCTGTGGCCT-1,1.1256714512013818e-08,1.2074753781482592e-08,1.6079408572670208e-39,0.9968039459526625,0.000209362237299508,0.002986666614312802,1.864256879824495e-09
AAGTGACGACCGAATT-1,6.582283391266717e-08,3.431330178713459e-08,3.8983179072294885e-42,0.9826931858379576,0.004181373279573905,0.013125338743310894,2.003021922358361e-09
AAGTGAGTCGGGTTTA-1,2.9354468680742065e-06,1.1146225705419193e-05,1.1256950519728982e-36,0.933518473895969,0.0326213801298058,0.03384595824722115,1.0605443046000895e-07
AAGTGCAAAGGTAGAC-1,3.492415969253022e-08,1.15530876902626e-06,9.659731936345748e-36,0.4560067075577805,0.15720177079532213,0.38679025705266,7.436130877422589e-08
AAGTGCCTTGACTGTA-1,4.026776294528935e-14,0.11214045911483024,6.937468862406428e-43,7.220324430701172e-08,4.4798694493669386e-10,4.939970568912419e-07,0.8878589742368413
AAGTGCGTTAGAATCT-1,2.1165411922685374e-08,9.780125189439994e-10,4.080320731012643e-39,0.9521954931582284,0.04635218650669237,0.0014522976904175298,5.012372007536763e-10
AAGTGCTTCTCTATTG-1,0.9953712011031852,9.810492716463515e-10,2.85117188026484e-26,0.004447194682864159,1.7521012439428106e-05,0.00016408222023298906,2.2899561391949133e-13
AAGTGTTTGGAGACGG-1,2.936439469786206e-12,2.4918770100707608e-06,8.039956551958186e-41,0.936775698620091,0.0031456837469942037,0.06007607006097901,5.569198900670625e-08
AAGTTCACTCCAAGCT-1,8.250893738390466e-07,2.5561278030963417e-08,3.436761871177317e-37,0.9986292366939136,0.00017195443874161003,0.001197951628913048,6.5877798185304704e-09
AAGTTCAGTCTGCGTA-1,1.477156743280155e-09,7.494284191777827e-07,8.06848999023785e-37,0.03339687089321023,0.027991790768628188,0.9381252931009487,0.0004852943316370041
AAGTTCGGCCAACAGG-1,6.532719860246726e-06,1.928401818935088e-08,1.643155403191358e-36,0.9361076036117141,0.00674006023983302,0.05714578373573871,4.0883571980155256e-10
AAGTTGTGATGTTATA-1,2.2295345755437342e-08,8.466704648367713e-06,7.285084420284229e-39,0.11509031482080151,0.8327282476754768,0.05217292910057358,1.9403153951784914e-08
AAGTTTACTAATGGCA-1,5.759110919439405e-13,2.1043737792000653e-08,5.244002439569398e-44,0.0007806815459706876,0.9795916214420173,0.019627675893749388,7.3949100850038e-11
AAGTTTATGGGCCCAA-1,2.3808989699242154e-08,6.017111972383995e-09,9.11003403414064e-41,0.9964943440450508,0.001115396336917701,0.002390227249833621,2.5420960624262754e-09
AATAACAACGCTCGGC-1,2.6516261877668962e-08,7.896778296341435e-07,3.945403303327045e-41,0.39599812976997645,0.037545322369881194,0.5664556986120731,3.30539776439316e-08
AATAACACTAGAACAA-1,2.678078460502347e-08,4.90356751649673e-10,4.005459146946677e-34,0.2644077910701556,0.7314763217635276,0.004115859884150189,1.1025280156996793e-11
AATAACGTCGCGCCCA-1,1.1800198974624534e-07,1.4792397625752937e-07,4.527374774233457e-34,0.9964489322175484,0.00012719375802165448,0.0034236076793657927,4.1909809026251926e-10
AATAAGTCCTCGAGAC-1,1.5446207473385047e-10,0.008195556303467235,5.098847525376722e-41,0.025366329621488184,0.6148054441888163,0.35142381244398485,0.00020885728778144452
AATAATCTTCGTATCG-1,1.449319239545725e-09,8.23812614394868e-05,2.328005949044703e-39,3.919870489095978e-06,7.472742856735857e-06,0.0017665636439685717,0.998139661031927
AATACAATGTTTCAGG-1,7.636039975943584e-10,1.6566628818067688e-09,6.804237188789872e-41,0.016281778421360672,0.931543091928718,0.05217512626496391,9.646904853522126e-10
AATACCGGAGGGCTGT-1,0.9999998321975443,4.349962299868699e-12,2.087090000893211e-22,9.720649880652375e-08,3.581593420942159e-11,7.055532203308293e-08,4.692146863572028e-13
AATACCTGATGTGAAC-1,1.2016940680839277e-07,5.4825984620848485e-06,1.4145882321203503e-34,0.8311153770555071,0.10926571318770026,0.05961258707569693,7.199132269601754e-07
AATAGAACAGAGTGGC-1,1.493770885995279e-12,1.8461881185524225e-08,2.6957873905584e-34,0.8133873456055593,0.1813116657913241,0.005300970080265983,5.947582182358068e-11
AATAGAATCTGTTTCA-1,2.4705560558669157e-13,3.9684924250463525e-09,2.737475072326202e-44,0.0030933317732049926,0.9884615833352165,0.008445067181384708,1.3741454485570198e-08
AATAGCAAGCCTCCTG-1,3.2882480548481303e-09,5.481536662271794e-09,5.1317311822488896e-42,0.9132020642837898,0.0042320277071522605,0.08256589081781898,8.42145409911554e-09
AATAGCTACCGCGTGC-1,7.57696423741488e-09,2.1675559020838954e-06,1.6012699888391496e-38,0.41767698824922866,0.004274032625463639,0.5768834184081428,0.0011633855842984211
AATAGGCACGACCCTT-1,3.044255801063464e-08,6.050414124670122e-11,0.9999999690624329,4.1852680423507903e-10,5.581197734269437e-13,1.5396016712780413e-11,2.403496297158304e-14
AATAGTCCGTCCCGAC-1,7.291847137550452e-09,2.2726693039285667e-10,8.261956649769366e-38,0.9992087538008458,0.00011227824637752155,0.0006789603115656862,1.2209688301965633e-10
AATAGTCGCGAGTCGG-1,1.3063170431873657e-12,6.244828868732767e-05,3.198620511251324e-38,0.002315537878494944,0.0005904513827197321,0.996986227329793,4.533511899868608e-05
AATATCAAGGTCGGAT-1,8.389917480588375e-10,2.0463355394678744e-08,3.226075716187721e-34,0.006861986233468276,0.09289230190878922,0.9002456898013466,7.540488471713176e-10
AATATCCTAGCAAACT-1,6.373047143750002e-10,1.0912764997261326e-07,1.9345804577890058e-31,0.2547197964483588,0.7392185758317159,0.006061514028553719,3.92641688905379e-09
AATATCGAATCAATGC-1,5.904601085446049e-11,0.801664212918906,4.050884797904455e-37,0.00019730891502988524,0.0035942141844932177,0.013242983829003747,0.18130128009352126
AATATCGAGGGTTCTC-1,1.7924834091339196e-10,0.010991980052630138,1.8485971561318576e-41,0.0002823775476352948,0.003577865149530947,0.9481572120405002,0.036990565030455065
AATATTGGAGTATTGA-1,1.087807572804052e-09,3.9745709305335274e-09,9.41017432124061e-37,0.2498029975916869,0.7478740388623504,0.002322958460465728,2.3118344789649057e-11
AATCAGACTGCAGGAC-1,1.5532538535703177e-06,1.1865984268143473e-05,3.6119756329955336e-32,0.013411352451625868,0.00016710108653849248,0.9864002025864484,7.924637265496165e-06
AATCAGGTTTCATTTA-1,0.9998848538622258,4.307208702216881e-06,7.021746068088551e-27,0.00010779542481466387,2.181811652769644e-06,8.597748149859621e-07,1.9177894847290764e-09
AATCATGTAAAGACTC-1,5.184082616880609e-09,6.639519000708229e-08,3.444901664462969e-30,0.009993033540879511,0.604851299935474,0.38515239025133374,3.2046930401673226e-06
AATCCAAGGGCCTGAG-1,1.120086950647896e-08,8.703492901425564e-05,2.1290534001074035e-42,0.02671519205073051,0.036179737472660865,0.9369718423973499,4.618194937510939e-05
AATCCATGCAAGGGTG-1,7.337190763315718e-07,0.0021306141369449878,3.296833816904699e-37,0.0008266548854194901,0.022696280235329134,0.974344331185953,1.385837277069678e-06
AATCCCGCTCAGAGCC-1,0.003108472885329985,2.3644553801729654e-10,2.3681830064632022e-35,0.9967648145465379,1.620639939523469e-05,0.00011050592310611175,9.185459713782582e-12
