,0,1,2,3,4,5,6
AAACAAGTATCTCCCA-1,0.4459243810433023,5.2827330209604295e-15,0.10472235405325254,4.407889654497656e-06,8.089288088120299e-47,0.00010446902822139098,0.44924438798556404
AAACACCAATAACTGC-1,8.361381734042251e-06,2.0091463003304917e-06,0.050260593722504465,3.348183869399054e-05,1.8335597866099e-30,0.9496337318660485,6.182204471876696e-05
AAACAGAGCGACTCCT-1,0.004919117292016607,3.476802799325127e-14,0.09430173682166341,0.0034132292317171496,1.1883871768955048e-40,1.7153924788323614e-05,0.8973487627297798
AAACAGCTTTCAGAAG-1,0.05381476252777424,4.42880501740683e-10,0.6224560658593519,1.1723870383154887e-05,6.271723534551417e-35,0.3145973894562495,0.009120057843360608
AAACAGGGTCTATATT-1,0.011941909574119938,6.456723066320309e-12,0.9193932636338753,3.9211929986201936e-09,5.033219461671331e-39,0.05688277764969439,0.011782045214660386
AAACAGTGTTCCTGGG-1,0.00031671343188667035,1.7813939839719627e-05,0.1123663249053705,0.0004117147945558151,5.347772117433535e-30,0.8837502729932063,0.0031371599351409196
AAACATGGTGAGAGGA-1,9.895193286033138e-28,5.575202573907099e-08,2.487351640909362e-24,7.578342773440119e-26,0.9999999442479743,2.95893650258113e-17,3.6199623286556276e-27
AAACATTTCCCGGATT-1,0.06667023194838137,6.310452055102292e-12,0.8985138429842433,2.039129239926272e-06,9.261494375789235e-42,0.008740512513947125,0.02607337341787777
AAACCCGAACGAAATC-1,3.4951598027813574e-05,1.3236289638571578e-06,0.0007211758713165081,0.99157024851241,7.430214913117812e-31,7.57013293864719e-05,0.00759659905989528
AAACCGGAAATGTTAA-1,0.0461168313665907,7.084344167243735e-11,0.09943093562679574,1.057383425539506e-06,9.268754655108456e-44,0.00012676060017650635,0.8543244149521682
AAACCGGGTAGGTACC-1,0.022952753983699937,1.0447332697740723e-11,0.805120656773387,1.8950714288051496e-07,3.042815431382457e-42,0.01636719689599203,0.15555920282933086
AAACCGTTCGTCCAGG-1,0.00720351742231649,1.4518602488983013e-10,0.9116525785444306,1.3608688781779362e-10,3.297979812905016e-36,0.059342964457077235,0.021800939294902802
AAACCTAAGCAGCCGG-1,0.0061580027059888135,6.107708834312917e-08,0.6412565983182792,5.179960527578151e-08,2.2722546955919872e-30,0.32837706740953365,0.024208218689504856
AAACCTCATGAAGTTG-1,0.043096059463109446,5.824769133494232e-12,0.8833262123190176,4.116255837349594e-07,5.331370061550553e-44,0.012848217518131266,0.060729099068333035
AAACGAAGAACATACC-1,0.8822689960942284,1.0321662922708588e-11,0.04696442029818541,1.1862450164921119e-07,1.0895222951863067e-40,0.00024123972711762165,0.07052522524564504
AAACGAAGATGGAGTA-1,0.0005779864532152943,0.0007527300531404664,0.03252470146545285,5.980530103051234e-10,2.504217098838896e-21,0.9658057679805322,0.00033881344960614266
AAACGAGACGGTTGAT-1,5.825497534075652e-06,1.2415642481696195e-10,0.00014124737465837735,0.9987015888616995,2.2410701670615366e-39,1.505363024486257e-05,0.0011362845117069587
AAACGCTGGGCACGAC-1,0.0023560381769913985,9.788952257564235e-15,0.9782288457351331,1.1887208736626248e-09,3.2089480195014044e-45,0.0013195666436499212,0.018095548255495017
AAACGGGCGTACGGGT-1,0.0004692452703317524,2.3775663335451263e-10,0.8568995676371466,1.2083977504355168e-09,2.557123641933723e-39,0.14081712040090644,0.0018140652454608011
AAACGGTTGCGAACTG-1,0.00451995321036073,3.457176485624568e-09,0.8450632072761036,4.1329601310820154e-07,1.2253858638212256e-39,0.11080051204126588,0.03961591071908027
AAACGTGTTCGCCCTA-1,0.003908690327268327,5.076385228502398e-13,0.9825148960812427,1.1541352529619936e-07,1.86127543289703e-44,0.009811674458359058,0.003764623719097123
AAACTCGGTTCGCAAT-1,0.00040070163730586547,5.0189447592705315e-09,0.9259324524757286,1.390162409822374e-10,2.376606925301798e-41,0.07245572542331555,0.001211115305688894
AAACTCGTGATATAAG-1,0.5117704812031056,3.112111490791723e-14,0.40944211667805225,3.717033275403002e-07,2.5273694594543966e-45,0.000397424390515234,0.07838960602496808
AAACTGCTGGCTCCAA-1,0.0012972645094612295,7.117978166794553e-11,0.8507900985690245,4.469157228666436e-07,9.749276774039121e-41,0.015965383154815976,0.13194680677979573
AAACTTAATTGCACGC-1,1.140523109681766e-13,0.9999763199526959,1.8277043701673302e-09,4.99285967028425e-11,5.2745442815049316e-17,2.3678154889932385e-05,1.4667079205497733e-11
AAACTTGCAAACGTAT-1,0.009131778268460131,1.9663525032591577e-13,0.9822453018854618,1.7021339553807442e-07,3.7014502340154664e-43,0.0026728980032030137,0.005949851629282608
AAAGAATGACCTTAGA-1,5.4730871231163905e-56,5.298204619896912e-29,1.0195570772589037e-53,2.5948501703431243e-54,1.0,3.3074581651679626e-43,5.842064713615126e-56
AAAGAATGTGGACTAA-1,0.10752847253016334,9.585927869602403e-13,0.8720533442204406,1.8062556464225527e-07,1.670840660111129e-45,0.015594906127389858,0.004823096495482937
AAAGACCCAAGTCGCG-1,0.046815329615400386,2.7275194754129963e-09,0.06074417401119391,0.00010107392664095242,2.0429000788496542e-37,0.0017720729243929478,0.8905673467948523
AAAGACTGGGCGCTTT-1,0.00519333311896382,1.0291742797762453e-10,0.14486996016314105,1.4698865493522212e-06,3.408354752790414e-37,0.000671701298436222,0.8492635354299921
AAAGCTTGCCTACATA-1,0.5489142762824575,1.0991991287340731e-14,0.39523288336021717,1.4788274702818838e-11,1.704513044708007e-44,0.0017366941775596612,0.05411614616496638
AAAGGCCCTATAATAC-1,0.014430243828475272,1.613756686785098e-05,0.10197364732463943,4.07301965777644e-08,5.34757408720261e-26,0.874400235648881,0.009179694900939821
AAAGGCTACGGACCAT-1,7.18155223649077e-05,9.984709226472985e-06,0.24769898694343806,6.20670784197822e-09,1.4525324350916214e-28,0.7510581235141385,0.001161083104124361
AAAGGCTCTCGCGCCG-1,0.00032256091464939697,1.2429275384632696e-07,0.056030318145298505,3.748469702220259e-11,1.554117771922136e-28,0.943442917068294,0.00020407954151953423
AAAGGGATGTAGCAAG-1,0.0006821335577270856,1.3971749538114277e-10,1.3056378122782891e-05,0.9922647761951789,1.993565267363206e-34,7.395065769870748e-07,0.007039294222676779
AAAGGGCAGCTTGAAT-1,7.156916770062668e-05,4.1968704648268017e-13,0.0003791035059122583,0.950180984216826,2.15951931710659e-44,2.3639343169925933e-06,0.04936597917482455
AAAGGTAAGCTGTACC-1,0.21854337674406674,2.1460474121256672e-13,0.4348088521193675,2.8801141886041327e-06,8.030881515754234e-41,0.0032288882115625007,0.3434160028106
AAAGTAGCATTGCTCA-1,0.0007833260286115942,8.763117214958563e-06,0.056073717718209376,5.906477248854945e-09,2.4264969912059963e-29,0.9417520467225594,0.001382140506927385
AAAGTCACTGATGTAA-1,0.8332790528637993,1.2881099741851278e-07,0.014224345810985565,2.1454256589403526e-06,7.01795178107131e-31,0.0013981876527015484,0.151096139435857
AAAGTCGACCCTCAGT-1,0.0005157104748384668,7.285385228979567e-10,0.9238209824540661,3.6171577977002e-08,1.4077925002942955e-36,0.06910359727027565,0.0065596729007033686
AAAGTGCCATCAATTA-1,0.559023515424176,8.424483237293367e-14,0.19797399531958276,2.641089382565503e-09,1.6194608260303017e-42,0.000162470339650182,0.2428400162754174
AAAGTGTGATTTATCT-1,5.298325374975676e-08,6.733072073629435e-16,8.324919270412397e-09,0.9999998367845284,1.0237509826535212e-41,8.252775188560002e-10,1.0108202035881262e-07
AAAGTTGACTCCCGTA-1,2.466922522390351e-14,1.0359537384741948e-18,1.3035233538229723e-12,0.999999999975945,9.246687646040922e-47,1.2734566993954403e-15,2.272538719272466e-11
AAATAACCATACGGGA-1,0.37744713597043766,3.084228837811959e-14,0.5667807615950343,1.365166341543217e-06,5.4188031514878956e-42,0.0030765967639872394,0.05269414050416837
AAATAAGGTAGTGCCC-1,0.4855374477721991,1.0486851773388528e-13,0.008991347638784678,1.979655141041725e-07,1.6542310120818548e-43,2.0788928761762862e-05,0.5054502176946354
AAATACCTATAAGCAT-1,0.7985013954256667,1.1414963169384813e-15,0.1839062382359396,2.3087658684306817e-09,4.11345454343465e-45,0.0003134489409363162,0.017278915088690623
AAATAGCTTAGACTTT-1,0.1734565155852437,3.291503161837947e-11,0.04535838942534469,0.20710640182858386,1.152105650553181e-40,0.00010928702037437722,0.5739694061075384
AAATAGGGTGCTATTG-1,0.4214441701513681,1.4560469879581778e-10,0.5004213721157229,0.0008668584862154803,8.834559996228013e-41,0.01288157078081655,0.06438602832027228
AAATCCGATACACGCC-1,0.003612874717703882,7.032274949270816e-10,0.890688834472876,2.8635043009262158e-08,3.989918343176937e-39,0.08395179236867016,0.02174646910247953
AAATCGCGGAAGGAGT-1,0.001806944417097228,1.321822021907251e-08,0.6164852698205819,1.6322314283740926e-09,8.345003409963694e-36,0.3804729811124684,0.0012347897994007442
AAATCGTGTACCACAA-1,0.06047732227524373,8.21904170329221e-11,0.4419720114431904,7.233398170988941e-07,2.919246901587989e-38,0.015360421301428501,0.4821895215581298
AAATCTAGCCCTGCTA-1,0.007995297430331573,7.314594273855651e-09,0.022608279944871974,7.328951673484759e-07,2.3799573811012883e-38,0.0010804821396001943,0.9683152002754346
AAATGACTGATCAAAC-1,0.016991826565258238,3.7277077719715706e-07,0.2921735839793698,5.631708525938828e-10,1.8998396019168262e-26,0.6895507626519369,0.0012834534694870392
AAATGATTCGATCAGC-1,0.1693174586856367,5.686441687508108e-13,0.7601825397752872,1.0880598945128653e-06,5.159843038822045e-44,0.0048758793743501365,0.06562303410426289
AAATGCTCGTTACGTT-1,2.7774395684323267e-10,2.0174297791229867e-09,1.7253776196958091e-09,0.9999993539671438,4.293879595622609e-37,1.6356342971497422e-09,6.403766705118415e-07
AAATGGCATGTCTTGT-1,0.4776582318890084,1.4829954272301513e-11,0.0951147353847359,3.92392005063725e-10,4.4845962709597815e-36,0.0030467220191556896,0.42418031029987807
AAATGGCCCGTGCCCT-1,5.952050001686137e-05,2.5180020053958293e-08,0.6331211710184976,1.03718574284471e-07,4.978002425341406e-33,0.366521841451342,0.0002973381315491578
AAATGGTCAATGTGCC-1,0.013469400625456873,8.957261935352344e-12,0.10276125447354911,5.745351745682918e-07,2.951099408556871e-43,0.000252389469839695,0.8835163808870224
AAATGTATCTTATCCC-1,0.9783672784665106,2.214276263682395e-13,0.0048675712112147395,1.7849625453328255e-08,3.53234506354706e-40,0.00020185184078875683,0.016563280631639078
AAATGTGGGTGCTCCT-1,0.12524646703613607,1.92462294995909e-10,0.6195481610637364,4.7267962761149976e-07,2.805608910540112e-37,0.022928239473817818,0.2322766595542199
AAATTAACGGGTAGCT-1,0.05098582445375681,7.05340716623155e-11,0.022017425905949406,0.0009986324846528035,9.1211350393139e-35,3.88032562807268e-05,0.9259593138288261
AAATTAATAAGCGCGA-1,0.4061176014908082,1.8537274584945357e-14,0.4753757618343562,4.722512695420272e-08,1.1942306106751269e-44,0.002982520198427151,0.1155240692512629
AAATTACACGACTCTG-1,0.4303172567898537,2.09253370945881e-10,0.40397685939173394,7.599309263762104e-07,3.2241360456149537e-35,0.010069312235635534,0.15563581144259708
AAATTACCTATCGATG-1,0.7068953492983688,5.297427879481665e-15,0.00733234297910223,1.0896314837997696e-08,2.7614681381101577e-44,4.777707447060451e-06,0.28576751911876164
AAATTCCAGGTCCAAA-1,0.15105496854018113,1.3372271377566937e-14,0.05018059582598113,1.715921469311126e-05,8.762364700141632e-46,9.11745066258291e-06,0.7987381589684686
AAATTGATAGTCCTTT-1,0.014120318625456998,1.0090026649055204e-09,0.8094774291060977,3.3521887884923726e-07,2.650098050171551e-38,0.12507056533371927,0.05133135070684472
AAATTGGTGAGAAGCA-1,0.019217831276890335,3.965355350337108e-12,0.94657364220554,3.925473379546279e-10,4.967416390398812e-38,0.026771197617244745,0.0074373285038121795
AAATTTACCGAAATCC-1,0.7056953414192185,7.201239300335326e-11,0.24155793675623088,3.524841465126786e-08,1.1331195252010708e-36,0.011882423618486916,0.040864262885636604
AAATTTGCGGGTGTGG-1,0.03482333423891386,2.1848927955014183e-09,0.5907206157274545,1.7740035906908946e-05,1.2511539271107674e-38,0.03399574069695877,0.3404425671158732
AACAACTGGTAGTTGC-1,0.0001899890770005539,4.6559823477481485e-12,0.002225038858532663,0.9266339737366036,2.335127272936259e-46,3.187070247200499e-06,0.07094781125295993
AACAATACATTGTCGA-1,0.012936692728153764,8.970418536842884e-07,0.06816670327422485,3.0554781614772454e-08,6.1553342205294896e-30,0.9185521915554171,0.0003434848455689527
AACAATTACTCTACGC-1,0.3006785764163951,4.0829484474195255e-10,0.029999805164228493,6.926766973749308e-09,2.3441821799256977e-35,0.0009847398342002214,0.6683368712501143
AACACACGCTCGCCGC-1,0.08748634629474096,8.847724360069962e-13,0.48066691270911505,4.465969366290749e-08,1.7897793076894466e-43,0.0003206943594434548,0.4315260019761221
AACACGACTGTACTGA-1,0.3087746529445625,1.520673601837713e-17,0.038018068744066116,1.7001603783754423e-08,1.2332502178408451e-51,5.233741844232523e-06,0.6532020275679234
AACACGAGACGCGGCC-1,0.00011488202975972295,1.4654859148045877e-08,0.8744031536520808,5.2725614344371966e-08,7.271956959112367e-38,0.12027975166252214,0.005202145275163934
AACACGCGGCCGCGAA-1,0.009742800246063261,2.603660293062292e-15,0.015683725622852494,1.5930668046566052e-05,5.032156189353738e-49,1.6807699585356513e-06,0.9745558626930765
AACAGCTGTGTGGCAA-1,0.0001274666711055062,1.4087652548276395e-05,0.12414049607852143,3.3361985390411734e-07,6.61918878830042e-32,0.8740116814776502,0.0017059345003207257
AACAGGAAATCGAATA-1,0.7184907474610217,4.347536895531771e-15,0.020524892366462957,1.328014338352658e-09,2.8336537906213265e-44,2.5616658835543826e-05,0.2609587421856613
AACAGGATGGGCCGCG-1,0.0024163023832832393,1.3486314339462734e-08,0.8808671006428611,6.999043116620384e-07,1.8647448630075277e-39,0.006102390256031866,0.11061349332719767
AACAGGTAGTATGGAT-1,0.029699638846102733,7.235672700435365e-14,0.0015268981849611482,0.7886704309312075,2.1202606853894966e-45,4.926128482600123e-07,0.18010253942480797
AACATAGCGTGTATCG-1,4.227297367752371e-05,2.0315105708978555e-08,0.0446938916952906,1.5510459462262813e-12,5.9874555148776195e-31,0.9552533291991354,1.0485815239772269e-05
AACATATCAACTGGTG-1,0.13429411562397167,9.209269525385981e-14,0.028038618642912645,1.4077302129992792e-07,4.891458002806717e-40,8.543907800703419e-05,0.8375816858819953
AACATCGATACGTCTA-1,0.3534311956188868,2.2798798141892262e-08,0.39089384361109525,3.657794874703652e-06,2.910526345787085e-31,0.026745218988758503,0.22892606118758668
AACATTGAAGTTGATC-1,0.00023106638308945449,5.198222319716884e-05,0.006784431236391878,6.343469908115554e-07,4.401443759241719e-24,0.9928490980957081,8.278771462252647e-05
AACATTGTGACTCGAG-1,0.0003739265876676085,4.436870381340225e-06,0.14219751644445738,7.519717538889193e-08,3.8039548105798606e-33,0.8568257563144537,0.0005982885858647292
AACCAAGACTTCTCTG-1,0.056868510992064567,3.597097840094563e-11,0.35386032592693867,0.00019454160282351664,7.099293673891031e-45,0.0017981857921411488,0.5872784356500612
AACCAGTATCACTCTT-1,0.8152019242673483,6.30908112185004e-09,0.10759006699729037,2.7706715422884316e-06,2.5463663422380316e-33,0.020411981741016674,0.056793250013721305
AACCATAGGGTTGAAC-1,7.898213770808317e-17,0.007549758510257241,9.523857812213393e-14,1.6891148928936355e-16,0.9924500816380849,1.5985156214747976e-07,2.801050090042041e-16
AACCATGGGATCGCTA-1,7.506585773382156e-05,2.552363626900513e-09,0.0548175549772787,0.17831913476379294,9.498033532149612e-38,0.000929137888471544,0.7658591039603594
AACCCAGAGACGGAGA-1,0.00021719890204175855,4.849247975263104e-09,0.0003857757294223269,0.49219582466900064,2.781067573630387e-43,1.3613301315443865e-05,0.5071875825489718
AACCCATCCCATGATC-1,8.424520797451788e-07,0.001211364982589381,0.0009117570846509591,5.231137760066898e-09,1.5404079343234105e-21,0.9978755662545586,4.639949835618906e-07
AACCCGACAACCCGTG-1,1.0268277382121523e-05,1.0273060420681499e-08,0.5614301143666899,3.417743040556741e-08,1.4813115317617531e-33,0.43829050176964673,0.00026907113579026045
AACCCGAGCAGAATCG-1,0.02789725092497334,2.0376648813511424e-12,0.25164680775767717,4.846545698890474e-07,8.951985597002557e-45,0.0006653712479104808,0.7197900854128316
AACCCGCTGTATTCCA-1,8.779720573285714e-05,5.780043748546713e-05,0.13130135544767754,8.073369551987938e-09,5.934760159507258e-29,0.868353878686152,0.00019916014958241155
AACCCTACTGTCAATA-1,0.0007206171519572802,6.178136339473595e-06,0.1233140948033541,0.6855086016744204,1.2104659466977396e-34,0.0017085669903285185,0.18874194124360022
AACCCTGGTGGAACCA-1,0.05768523855461843,6.031576253651857e-18,0.03652565992612484,7.44778241663384e-09,2.525209888155753e-49,1.0663358860760625e-06,0.9057880277355883
AACCGAGCTTGGTCAT-1,0.00023771768884721064,6.555934713414113e-12,0.00013967595552285574,0.005203717353001005,2.6336847438163352e-39,3.480324659668837e-07,0.9944185409636069
AACCGCTAAGGGATGC-1,0.03153789744080704,6.975053515671206e-15,0.07115189538546582,0.0034944259361439135,4.0265305355448437e-50,2.8110506153376997e-05,0.893787670731423
AACCGTTGTGTTTGCT-1,0.01838854983253219,5.1652891023859006e-14,0.017470383253868613,2.9849232013446663e-09,3.310630653797691e-43,4.0839953076475935e-05,0.964100223975548
AACCTCGCTTTAGCCC-1,0.00011466197136371409,3.148604826658614e-09,0.43491432911885064,1.3794622968449231e-08,4.664295804777125e-38,0.5647839186194666,0.00018707334709097776
AACCTGTCACGGAATT-1,0.040153223329087884,4.518069319863239e-11,0.17120633044387354,0.00017114193421209362,3.563294481468945e-40,0.0009301534501573028,0.7875391507974885
AACCTTTAAATACGGT-1,0.02077659272965027,2.4189511326956306e-12,0.9616478491203362,6.438917165450864e-09,4.326283660407178e-42,0.015351073279310904,0.0022244784293664224
AACCTTTACGACGTCT-1,0.008435735019889102,3.206624595829559e-10,0.8397711579164071,9.659583679243296e-07,9.499347404794499e-42,0.025176045781274872,0.1266160950033987
AACGAAAGTCGTCCCA-1,3.720523896512725e-05,0.000587538974796386,0.06075640571083979,5.417328036736404e-08,1.5243429657499341e-25,0.9384403172731539,0.00017847862896434584
AACGACCTCCTAGCCG-1,0.002521592528906234,6.036133444827667e-11,0.9367790765297258,1.3941051579581974e-07,1.3492126238734813e-41,0.050379312655741415,0.01031987881474933
AACGATAATGCCGTAG-1,0.018484931788942404,1.3659583126823984e-12,0.9549929656327812,1.1511062636141852e-09,4.1150403873516434e-42,0.006487413602920218,0.02003468782288386
AACGATAGAAGGGCCG-1,0.02600190501795209,1.0239451558724215e-10,0.014527257084607156,4.789347296592608e-05,8.026568086300407e-38,0.00016653321951154375,0.9592564111025689
AACGATATGTCAACTG-1,0.04158255359685818,2.011615474937624e-13,0.00043707693245600927,0.00013472269745395986,1.5767793638779203e-46,7.311735143724628e-07,0.9578449155995163
AACGCATGATCTGGGT-1,0.011393403310431623,1.621887446332934e-13,0.8514401387128496,0.00010003197461968909,3.477839415491538e-44,0.0008704846551658238,0.13619594134677088
AACGCGAACGGCAACA-1,0.0017184951526996353,1.8199795533570185e-18,0.000825067949757049,7.067113989350682e-09,2.472794640883819e-52,2.0618298425703925e-08,0.997456409212131
AACGCGACCTTGGGCG-1,7.774811806214119e-05,2.0476388691938108e-05,0.04583228745594619,2.6720429305317794e-09,7.783662638252997e-31,0.9531805705068223,0.0008889148584346138
AACGCGGTCTCCAGCC-1,4.5988611411890466e-09,3.851237864227277e-09,2.0979632443801608e-08,0.9999939971242637,1.4999132548975395e-26,1.7360337221071618e-08,5.956085667517654e-06
AACGCTGTTGCTGAAA-1,0.06063268782267521,2.1762390779145637e-14,0.3683174108417905,2.2843361625927177e-08,7.02822738659802e-49,0.0001398101288382097,0.5709100683633126
AACGGACGTACGTATA-1,0.18691683157389619,8.608414722855597e-11,0.08387024097486277,8.15636059444094e-06,2.6771433099657513e-40,0.0005461249812378334,0.7286586460233246
AACGGCCATCTCCGGT-1,0.00013977737602810942,1.386315846378509e-08,0.8070896981809775,1.295982922933606e-07,2.914341270444239e-40,0.18947095954091972,0.00329942144062388
AACGTACTGTGGGTAC-1,0.009202879861964677,1.6186178070669025e-07,0.356092745156607,4.053633474427867e-06,1.418683840848359e-32,0.6243054530624004,0.010394706423772831
AACGTAGTCTACCCAT-1,0.009309937290702388,3.155461233353672e-06,0.19332881391424073,2.7772833731316257e-06,1.607828437437613e-27,0.7740726678738568,0.02328264817659362
AACGTCAGACTAGTGG-1,1.5094400336270206e-07,6.130874223555289e-07,1.2200499302129236e-07,0.9999895785838703,2.967331075532009e-31,2.3175073595314754e-08,9.51220463729619e-06
AACGTCATCCGGCTTG-1,0.00011519065763495646,4.911161527694104e-06,0.0518229936147416,7.421666499501006e-12,1.102341924501213e-28,0.9480305417450606,2.6362813613530856e-05
AACGTCGCTGCACTTC-1,0.0006605903579862024,2.8480156912042222e-09,0.7517384938307471,8.585607702355364e-08,4.932358911493729e-38,0.2441165467349783,0.0034842803721957683
AACGTGATGAAGGACA-1,0.09114121868699072,2.3203553102423617e-13,0.42080004553850864,0.0001161528237546922,5.59696484728543e-44,0.0016467314040989427,0.4862958515464147
AACGTGCGAAAGTCTC-1,1.9598759029152506e-06,1.7867405023013023e-14,0.0005074112754365938,0.9960751536168327,3.257322310209987e-51,5.525323700265108e-07,0.0034149226994397994
AACGTTATCAGCACCT-1,4.8212598609540577e-05,1.392593101075634e-12,6.255757925467498e-05,0.8750084510792776,2.9792109024477622e-40,7.251814178955208e-08,0.1248807062233238
AACGTTCTACCATTGT-1,0.24773278394764556,2.811068928094415e-12,0.6664610039288555,1.0020053660663505e-07,1.9209802171909104e-44,0.0017347986331800811,0.08407131328697127
AACTACCCGTTTGTCA-1,2.121899738143414e-14,1.1146547800366162e-20,1.7531181560489284e-14,0.9999999999804838,4.55857124970216e-44,1.9217484736973036e-16,1.9476999799286347e-11
AACTAGCGTATCGCAC-1,0.29477000316515556,1.5210659908400392e-12,0.3256117868182609,6.445631355925013e-07,2.4171034601757973e-40,0.0010376321921370826,0.3785799332597898
AACTAGGCTTGGGTGT-1,0.0016819754202946921,1.1667626061579204e-09,0.9445594531610085,2.0146638540578462e-10,4.2234133685735054e-36,0.05344273023706942,0.0003158398133981865
AACTCAAGTTAATTGC-1,0.5010401465737341,6.839406115649903e-14,0.3639641440376606,5.325324656131515e-10,1.3793364774478216e-43,0.0008889383247795095,0.1341067705312249
AACTCCAGAGCGTGTT-1,0.0719667596945837,2.1506309119061704e-16,0.8290013568728914,2.130038759974448e-10,5.504735644583137e-53,8.182709217284278e-05,0.09895005612734817
AACTCCTAATCCCATG-1,0.040555657973914645,6.085671298161437e-09,0.7864098445949708,2.6403970572679893e-06,1.0028279650486551e-36,0.09788104464173887,0.07515080630664742
AACTCGATGGCGCAGT-1,0.0002917739420385593,2.173143574723056e-12,0.0015320639668176253,1.5784237151132272e-05,3.6206906742337244e-40,8.187439773106111e-07,0.9981595591078422
AACTCTCAATAGAGCG-1,4.2519959800020166e-05,1.2655951574113269e-08,0.0003962831616871727,0.9926453018334024,6.669122191207514e-33,1.518285585310535e-05,0.006900699533305657
AACTCTCAGTGTGCTC-1,0.0015733001244821441,7.937391009875808e-09,0.3620634232891572,2.8073448497535295e-08,3.092662821880958e-35,0.6347511579863052,0.0016120825892159238
AACTGAGTTATACTGA-1,3.594947018153911e-08,7.397620802799835e-10,1.482948109619566e-09,0.9998220892740087,3.200795590839242e-33,2.6958356261975167e-10,0.00017787228422729866
AACTGATATTAGGCCT-1,0.6236723323493003,3.932214595764518e-12,0.024962686382889877,1.6621663582964938e-06,2.0998917336807727e-38,9.0057847803543e-05,0.35127326124971575
AACTGGGTCCCGACGT-1,0.000256754362046418,1.7656290708583825e-10,0.00037030086109903615,0.27758515133721107,1.6897877494002158e-35,1.424591124262231e-06,0.7217863686719563
AACTGGGTTCGAGCCG-1,0.006361377795588893,2.36011480943992e-13,0.9795058497102114,2.9375465956920973e-10,2.1327308157950325e-42,0.012022707543921962,0.002110064656287156
AACTGGTGTGGGCCTT-1,0.04299229105262365,8.622593592377847e-12,0.0947804416210737,1.8446988011335176e-08,4.8402093443869015e-42,0.0012028912438093208,0.8610243576268826
AACTTCTGCGTCTATC-1,5.67434191085368e-11,3.739299377351805e-15,3.2499268388108124e-11,0.9999999956239942,2.577279925083362e-45,4.9522681100350627e-14,4.286709877832469e-09
AACTTGCCCGTATGCA-1,0.013662400561239078,5.7839075007969336e-08,0.03604566664746727,1.0393237079386665e-06,1.9745932619570656e-36,0.0005915999697457585,0.949699235658765
AACTTGCGTTCTCGCG-1,4.099979874313619e-12,2.014399224421625e-15,2.255012650411617e-12,0.9999999999349174,5.101094273789723e-42,3.5369119557278463e-13,5.837188663540418e-11
AACTTTACGGGAGCTT-1,0.01730019238966656,1.6487643254417982e-13,0.12302217433008159,4.830208344787293e-05,7.166573548676566e-41,0.00015618186679757293,0.8594731493298416
AACTTTAGCTGCTGAG-1,0.6092111678984693,4.319509768112592e-08,0.011779327184582815,1.992319943124842e-07,3.850868476623714e-31,0.0005898598886725457,0.3784194026011834
AACTTTCTCGATCATG-1,0.32821236474484833,3.5320587962412603e-13,0.4002362903346049,3.3547376297458426e-07,3.5545157589063044e-42,0.0013337113458987459,0.270217298100532
AAGAAATCACCAGATT-1,0.6941957195134061,1.1818856250226013e-14,0.21842763551741964,3.165534053520507e-08,8.76045508858571e-41,0.000969504637721033,0.08640710867610102
AAGAAGGATCAGTTAG-1,0.0006159861664004851,7.236686559157611e-11,5.082767140246337e-06,0.9349679327326036,9.717893698389167e-35,3.1537577331668623e-09,0.06441099510773103
AAGACATACGTGGTTT-1,0.03640269960312107,1.690966164984739e-11,0.9051260603303312,8.81073867620938e-07,4.935405711483445e-42,0.0071461988774306155,0.05132416009833957
AAGACCAAATAACTCA-1,1.8870568925071455e-46,1.7122306107102281e-22,7.420411827695822e-45,1.4342114313921616e-44,1.0,8.808890935460608e-36,1.1250074788276764e-45
AAGACCCAACTGAACA-1,0.02168190691778366,1.0081559276058971e-10,0.8621148984793691,3.36572966118412e-11,2.0674272132329762e-38,0.09946489374807918,0.01673830072029539
AAGACTCACGCCCACT-1,0.008373932858965965,2.3624700142412717e-08,0.8976783955710197,6.300813833177099e-06,2.457717314208281e-36,0.06969471775093652,0.024246629380544536
AAGACTGCAAGCTACT-1,0.0013238548838336109,6.0621238510484354e-09,0.3907267712220207,0.039100593968021055,4.982784640659226e-37,0.012129342463639383,0.5567194314003613
AAGAGATGAATCGGTA-1,0.36346473354101555,1.2824182613213348e-12,0.07394900019805097,6.732124673905604e-06,5.128839361910292e-44,0.00010971236996958331,0.5624698217650076
AAGAGCTCTTTATCGG-1,0.022952471460854364,6.1999943370310734e-06,6.071148690633007e-05,0.779115885029428,6.512203126684428e-27,7.4670468348273e-05,0.1977900615601261
AAGAGGATGTACGCGA-1,0.11142056489782182,1.1979226488293667e-09,0.4711601854886324,6.917246700784859e-06,3.674405558362873e-39,0.0074216788781346354,0.40999065229078757
AAGAGGCATGGATCGC-1,3.2857037615146358e-06,7.104012686930192e-13,3.5614825328160695e-06,0.9996054084738405,2.688763147822062e-36,6.591255836081745e-08,0.00038767842659621687
AAGAGGCCCTTTGGAA-1,0.20863746409526396,1.6377021839552913e-14,0.42292121089481866,6.349473558471269e-08,6.479678468579847e-44,9.726475764499262e-05,0.36834399675752055
AAGATGGCACCGGACC-1,4.038211501804071e-05,6.288750135740116e-05,0.023725143339104734,5.1968402834584e-07,4.0405319394930275e-25,0.9760194702236374,0.00015159713685408338
AAGATTGGCGGAACGT-1,0.044706585168701816,3.252748259821049e-13,0.04602219895459629,3.577786376629302e-05,5.734426219736438e-43,0.0001886701251678641,0.9090467678874424
AAGCACCCTGCGTATC-1,2.1765393232079066e-05,7.312410164185552e-08,0.38826410688560703,1.2556550262712036e-08,6.252979402221578e-31,0.6116769664599271,3.707558058187385e-05
AAGCATACTCTCCTGA-1,0.019528213724715932,3.2566288653372145e-10,0.9142847517708854,3.142292364156026e-07,1.4930681329169506e-42,0.057910442699909685,0.008276277249589832
AAGCCACTTGCAGGTA-1,4.5607429206712415e-30,5.682306413124504e-10,1.044248567564477e-27,3.7381251874730574e-28,0.9999999994317694,2.245915215874321e-19,9.515264609691514e-29
AAGCCGAAGCGGTTTA-1,0.01213055634050447,7.786474020965347e-08,0.07482133630454056,0.02777554524314727,8.048811563920932e-32,0.0021981422638215017,0.883074341983246
AAGCCGCCGTGAAATC-1,7.507322347907404e-05,0.0001403882001984638,0.0627872723152267,3.915187473809676e-06,8.303005835605617e-26,0.9364913221392381,0.0005020289343838146
AAGCCGCTTTACCTTG-1,0.055630773742245045,4.275834151257123e-10,0.5254754865740913,3.092166390099985e-08,6.079373653423044e-38,0.03641217016690003,0.3824815381675164
AAGCCGGAGAGCAGGA-1,0.06499771601004951,4.1227028041996195e-13,0.8693668865988996,2.3574360606174968e-07,1.7349576913492962e-47,0.0004103727409037046,0.06522478890612861
AAGCGCAGGGCTTTGA-1,0.0010497817183310453,5.816009027149776e-10,0.9422086280606099,1.0438158736952919e-07,2.0655465200825782e-38,0.047926076879472285,0.008815408378398646
AAGCGGAGTGCGCGCA-1,0.002690678654535455,2.6563957346895843e-14,0.9393070645721817,3.70701589747375e-07,6.374908977418921e-44,0.0026529192275344545,0.05534896684413204
AAGCGGCGTCATGGGT-1,0.048875660377875635,1.0800424691491315e-11,0.7638120454995876,1.3500022543395075e-07,2.944939206768993e-41,0.007895964702392557,0.1794161944091185
AAGCGTCCCTCATCGA-1,3.7356351175817795e-05,3.014738006975545e-05,0.12817042120135505,5.579845831085838e-05,6.575308879389295e-31,0.8700546230646006,0.0016516535444880147
AAGCTAGATCGAGTAA-1,0.37955080480336856,8.015821113661379e-13,0.5450051202230878,5.0328958890524436e-08,1.9733373075285106e-42,0.004997960541282849,0.0704460641025003
AAGCTCGTGCCAAGTC-1,0.00030742281184142385,1.2211755908453196e-06,0.0005516794500906466,0.47742795051986237,1.0088363581131038e-42,2.259668100113139e-06,0.5217094663745145
AAGCTCTTTCATGGTG-1,0.0027050409782283396,5.035087204248413e-11,0.9626519128439947,3.97770106263799e-07,3.4714911946945333e-41,0.018235490576120297,0.01640715778119967
AAGGAGAACTTATAAG-1,0.9407792989523612,5.854403916015586e-14,0.03230902735694143,1.7957810693186667e-08,5.593240691364631e-43,0.00014032426876303428,0.026771331464065212
AAGGAGCGGTTGGTGC-1,4.466216077463293e-08,4.87081336948956e-13,1.0653486744050018e-06,0.9999406894194115,2.0194000907342191e-44,2.1652976086547912e-08,5.817891629013298e-05
AAGGATCGATCGCTTG-1,1.7675489513551425e-06,1.6841111899995949e-12,0.00016388270314922639,0.9991942735869797,2.112210392736285e-40,1.023509948774336e-06,0.0006390526492868707
AAGGATGAGGGACCTC-1,0.08917816422625192,5.746138617506545e-16,0.004078573886259056,0.024186247463578458,1.105584874607846e-52,3.3104624575436106e-07,0.8825566833776642
AAGGCAGGCTGTCTCC-1,1.5355985041962969e-09,0.9727805949627274,1.0177674294999374e-05,0.022495968646615044,6.884708709967772e-08,0.004712853633082427,3.3470059447182e-07
AAGGCGCGTAAAGCTT-1,6.744470424530812e-10,2.1332087778211525e-11,5.376988134043888e-10,0.9999998563759573,1.0571664682151049e-41,5.579310009701877e-10,1.4183263372845401e-07
AAGGCTGTGCTCATCG-1,0.005327257092460697,2.5906809842262958e-08,0.17948060245791908,0.004422308975479275,1.1233826312120833e-37,0.0030649079219651093,0.807704897645366
AAGGGAACGACTGGCT-1,3.92172823611183e-07,0.0012138935766969393,0.00039525462151395987,3.393698878116504e-10,5.598091766672587e-19,0.9983899794940748,4.797955207677481e-07
AAGGGACAGATTCTGT-1,0.48944943280450925,5.861503593876732e-17,0.0021293524797742955,5.123466253076269e-09,1.0661484699907412e-47,6.113672974407555e-07,0.5084205982249526
AAGGGACTATGCATTC-1,0.0013135497601755011,1.7709387661166037e-07,0.42179467506433943,0.014046558578252944,7.906444966061414e-38,0.5369855546266754,0.02585948487668013
AAGGGTTAGCCATGCG-1,0.004541828820698892,9.147399885855528e-11,0.9438505301818945,7.017694318744094e-08,2.4369814705486327e-39,0.04923586562643949,0.002371705102549917
AAGGGTTTGATTTCAG-1,4.207663057179027e-10,0.9999968022044771,6.004931577315047e-08,2.0844728034896976e-12,9.98534412757402e-23,3.1364600396459176e-06,8.633166102214303e-10
AAGGTATCCTAATATA-1,0.427620868428586,7.456570402611888e-13,0.020348336548714284,1.947268493474899e-05,6.095477148935813e-36,9.230714313189424e-05,0.5519190151938873
AAGGTGATAAACCAGC-1,6.486603307508993e-06,9.763575950176063e-13,1.7646830813530406e-05,0.9966409653508561,2.5202922029106e-40,1.63405869738606e-07,0.003334737808176741
AAGTAAGCTTCCAAAC-1,3.0513590033705617e-12,0.8510941502925555,3.766156925192791e-09,9.754864412013644e-14,0.1476173029117617,0.0012885430140558158,1.2321224777672656e-11
AAGTAGAAGACCGGGT-1,3.77112369169693e-07,1.7251486888276316e-12,1.8359691488215623e-07,0.9999917746489368,2.579783895572628e-36,3.4903145844530344e-08,7.629736908075267e-06
AAGTAGTGACGCGAGG-1,0.030114181886871746,4.699170967624687e-12,0.11642325593509639,0.0003007493809699664,1.2051511514100174e-44,0.0002362163112339274,0.8529255964811288
AAGTCAATTGTCGTCA-1,1.1271975860125215e-09,2.2174749492138734e-13,5.05060345378485e-09,0.9999997885561632,1.2984416939940716e-32,6.842488906314888e-10,2.0458156504418561e-07
AAGTCTAGTAGCTGCC-1,0.023259122150149896,3.955428786323769e-09,0.5123351106800746,3.3532819995145254e-05,1.2056762876293913e-33,0.04111085875867425,0.42326137163567734
AAGTCTTCTGTGGCCT-1,0.0009712168104046166,1.0335043965933288e-09,0.7761846309584778,1.57353992593612e-08,9.008309667466716e-40,0.22031127433394196,0.002532861128271884
AAGTGACGACCGAATT-1,0.0009336547290771599,2.273575155944028e-10,0.9441425843282069,2.078642979498356e-06,3.2513836339098016e-42,0.042774026178709366,0.01214765589366954
AAGTGAGTCGGGTTTA-1,0.0009209314656699753,5.895466006831165e-07,0.12265168126090112,4.313666476867865e-09,5.156795505563246e-32,0.8758378884964297,0.0005889049167320209
AAGTGCAAAGGTAGAC-1,0.13163085886179116,7.069078814538511e-15,0.3047677864574146,1.8900259351896094e-09,5.779467414324923e-47,0.00030157015942566985,0.5632997826313356
AAGTGCCTTGACTGTA-1,4.084300948308918e-09,2.382161855571695e-13,2.002836311140899e-07,0.9999986431487758,1.936246659535599e-38,1.4548795556235887e-09,1.1510281744895696e-06
AAGTGCGTTAGAATCT-1,0.049467454425778795,3.7597999084241094e-11,0.8239425375929293,7.661634251989935e-05,7.186205417233287e-41,0.0547304042359152,0.07178298736525891
AAGTGCTTCTCTATTG-1,9.683261462831224e-06,0.49643858361280213,0.0023665187173714697,1.640655628623109e-11,1.1577027059447924e-15,0.501156534833921,2.8679558034962363e-05
AAGTGTTTGGAGACGG-1,0.00699474990179897,4.263187595116233e-10,0.9407699580848328,1.6325477953885762e-06,2.8419735163556384e-36,0.00758348581229406,0.044650173226959786
AAGTTCACTCCAAGCT-1,0.0053145459813881725,2.8359183929243415e-14,0.9848077868737948,2.378500702613779e-10,4.808847313442944e-47,0.0025524188548358643,0.0073252480521027495
AAGTTCAGTCTGCGTA-1,0.058136249011292315,1.3855466291784406e-14,0.14770830140369384,2.703542755375389e-06,1.1168026841439547e-43,1.784441419812265e-05,0.7941349016280466
AAGTTCGGCCAACAGG-1,0.0036384761635253992,1.3022008809689635e-07,0.7143313881662819,7.375519185623626e-06,1.2360192141647042e-35,0.17760157067823978,0.10442105925267922
AAGTTGTGATGTTATA-1,0.3011964137749579,2.149659527555355e-12,0.6692357261745744,4.9519032969290174e-08,5.6524797778979484e-42,0.0054083597088709036,0.024159450820414027
AAGTTTACTAATGGCA-1,0.711935080177122,6.14829564762039e-13,0.18118529413686876,1.535719341628138e-08,1.708364008961115e-43,0.00035146809699104157,0.10652814223121002
AAGTTTATGGGCCCAA-1,6.38725673611317e-05,6.384602735169183e-13,0.9429502603250115,1.759113416383144e-11,1.2275679558199714e-45,0.05689968449659287,8.618259280483316e-05
AATAACAACGCTCGGC-1,0.030284342154312218,1.6245330424790403e-09,0.17564452855093124,1.4901787964412992e-06,1.9892997748919674e-39,0.005329873152170059,0.788739764339257
AATAACACTAGAACAA-1,0.375166519675192,5.10715116530476e-11,0.5354643797070812,1.9639346481022997e-07,3.973150746741453e-39,0.04197231096821199,0.04739659320497872
AATAACGTCGCGCCCA-1,0.0005667744382674542,3.990882287096069e-11,0.8529134323917428,2.0919688932724923e-09,1.3983288737309026e-39,0.14394085885815341,0.00257893217995866
AATAAGTCCTCGAGAC-1,0.21508001633079837,2.6636633388942424e-13,0.7074558959577648,8.201473275999684e-09,2.5257968222861596e-47,0.0009678687004480444,0.07649621080924911
AATAATCTTCGTATCG-1,0.028760737432286472,8.200427356824227e-10,0.06036403780712291,0.003534112674489337,8.060349082748056e-43,0.0006137851662313759,0.9067273260998273
AATACAATGTTTCAGG-1,0.0015593863154112575,1.7582149718306083e-09,4.936564556271336e-05,0.9739205408663629,2.6133106678546653e-34,1.561476726367734e-05,0.02445509064718434
AATACCGGAGGGCTGT-1,4.868932854793433e-05,8.739889208356069e-05,0.09317675499785275,1.1141061888329568e-06,1.4134117640532144e-29,0.9056063189157973,0.0010797237595296715
AATACCTGATGTGAAC-1,0.08959331380363686,1.3262427667262843e-09,0.7045372935653149,9.161392209552984e-10,1.1192272179755819e-38,0.19408425991201403,0.011785130476652252
AATAGAACAGAGTGGC-1,0.20615422423179683,7.111920987380112e-10,0.6966111538485498,6.594841440814889e-06,4.0564507757321375e-37,0.044209210789482874,0.05301881557753761
AATAGAATCTGTTTCA-1,0.7749330497520194,8.888887174586257e-12,0.17382884181697347,2.8809731296832514e-09,1.3684015506339382e-41,0.0037171487910790907,0.04752095675006612
AATAGCTACCGCGTGC-1,0.022726576540366486,2.8276025103872107e-12,0.7228057893558385,1.5969179786473333e-05,1.6658154559769042e-43,0.0017594306823038085,0.2526922342388771
AATAGGCACGACCCTT-1,5.64518135023574e-30,7.281522737070622e-09,2.3135720304035245e-27,4.0116606189635793e-23,0.9999999927184773,1.8531663285088281e-19,6.396752487565234e-30
AATAGTCCGTCCCGAC-1,0.002547184245082363,2.8098372839903286e-08,0.7463183244904332,1.7408181349613893e-07,2.6331951186289922e-37,0.24436182389648134,0.006772465187816935
AATAGTCGCGAGTCGG-1,0.02873574722894521,1.795016338944557e-12,0.03300569613144582,2.2908096711708505e-05,4.4008406030936934e-45,6.0408225498733715e-05,0.9381752403156035
AATATCAAGGTCGGAT-1,0.7230811471616462,1.7808966867034734e-10,0.015277377437747033,3.7319718161145553e-07,3.265598202849564e-35,0.0007372470830178954,0.2609038549423176
AATATCCTAGCAAACT-1,0.015292528334018804,1.7374789822268044e-09,0.36231472126216574,2.9802047884381744e-09,1.7200203450945962e-33,0.6217522726246932,0.000640473061438406
AATATCGAATCAATGC-1,0.05873150567613792,1.1171344861100802e-09,0.46986303664675444,0.37048123382205383,9.14017177024022e-33,0.006118469753941551,0.09480575298397757
AATATCGAGGGTTCTC-1,0.03754315203112724,5.658105459957205e-08,0.22241412207445224,0.0006128663623241154,2.83359795893924e-36,0.10220356133999103,0.6372262416110509
AATATTGGAGTATTGA-1,0.5326507305121068,7.435439191623148e-13,0.4293530124219677,8.085226716926485e-10,5.791418336257088e-42,0.007071637743608297,0.030924618513051068
AATCAGGTTTCATTTA-1,0.00040704795893570185,0.0002429159227250764,0.5080296932187405,6.55735880695976e-05,7.652623715768353e-29,0.4858051214379154,0.005449647873613821
AATCATGTAAAGACTC-1,0.8374441118699115,2.0373751078475161e-13,0.08444253853892451,4.7442779340620624e-08,1.2857822925696327e-44,0.0002287592359810833,0.07788454291219979
AATCCAAGGGCCTGAG-1,0.00831572389473823,6.152967368433428e-13,0.0017199251426705078,8.514741923421967e-06,3.2111681062960734e-40,2.8803383443137905e-06,0.9899529558817083
AATCCATGCAAGGGTG-1,0.029553891897563283,1.4272333571458773e-09,0.003607100505339083,0.0005724406637741929,5.969737969478532e-36,0.00024438436051597276,0.966022181145574
AATCCCGCTCAGAGCC-1,0.0004146803248531448,4.9625907829425605e-08,0.19237984526628596,2.059839624279916e-09,4.288395459644655e-35,0.8066133347410187,0.0005920879820946772
AATCGAGGTCTCAAGG-1,2.0571809132958636e-05,1.1599539230460917e-07,0.06702197658417228,8.298879905228852e-11,6.462369722527749e-35,0.9328810085868663,7.632694144725044e-05
AATCGCCTCAGCGCCA-1,0.00038134731729518387,6.535253084846648e-08,0.012626178369371648,0.10956235491579287,1.0462402356972184e-40,0.0043824042389356286,0.8730476498060739
AATCGCGCAGAGGACT-1,1.1232130842982536e-09,2.5966982331590415e-10,1.1818858552069017e-08,0.9999997711972446,3.7080834504644063e-37,1.889208631618201e-09,2.137118052560465e-07
AATCGGGACACTACGA-1,0.14919982345420935,1.0772681531624846e-11,0.481986609009013,2.6725020839386323e-08,2.1729281132047096e-38,0.0052515291420459536,0.36356201165893803
AATCGGTATAGCCCTC-1,0.0007532145470006854,4.947082099737276e-09,0.9439976491809202,1.7300786844510837e-06,5.8245696241019035e-34,0.037403323390342545,0.017844077855969944
AATCGTGAGCCGAGCA-1,0.0001143968056610716,3.5720492221308157e-06,0.34257203160887173,3.8546134398048327e-08,1.0537654701094273e-30,0.656925820387812,0.00038414060229860237
AATCTAGGTTTACTTG-1,0.002513547661840664,6.834066159517583e-07,0.1032897247371588,3.477679609767345e-08,2.911538175048917e-28,0.8934975402354339,0.0006984691821546238
