,0,1,2,3,4,5,6
AAACAAGTATCTCCCA-1,0.9940533389172107,4.433358731470423e-06,0.0018399486467587935,1.5787643371368612e-34,0.004102277080895578,1.9964032656381006e-09,3.8422866919645344e-16
AAACAATCTACTAGCA-1,0.2264784190979423,0.7290223852223201,0.013497671058167501,5.756312330487103e-34,0.02757413381996852,0.003427390801592009,9.474407139917868e-15
AAACACCAATAACTGC-1,4.791919294434281e-33,9.450003285090797e-32,4.7336608416984247e-26,0.999999343607565,1.3055481818541208e-29,1.8759784134246583e-28,6.56392435042904e-07
AAACAGAGCGACTCCT-1,0.9324388346358662,3.8060227147017604e-05,9.641250856497359e-05,5.602760530405897e-35,0.06742665864901748,3.39794046111788e-08,7.539288980458333e-17
AAACAGCTTTCAGAAG-1,1.7472219641286444e-06,2.8166218755945455e-10,0.9998875113407641,1.1642020752827273e-30,1.318326950781984e-05,9.755769579665642e-05,1.9030507973381107e-10
AAACAGGGTCTATATT-1,0.03475607064846992,3.5773735302534477e-07,0.9628095494259832,2.877733952988427e-29,0.0019184342335932408,0.0005155878653889551,8.921193777373245e-11
AAACAGTGTTCCTGGG-1,1.2490301588572558e-12,4.4303030684803146e-07,2.1138773722326523e-06,3.1316708249249855e-08,8.860443737060713e-09,0.0005563338703794126,0.9994410690435405
AAACATTTCCCGGATT-1,0.6695296361996621,1.3885509459940705e-07,0.2722866039703459,1.604456449364649e-33,0.058175560167047335,8.060807845554202e-06,4.34365408108726e-15
AAACCCGAACGAAATC-1,0.9999203107178254,1.7431311780604058e-07,1.7854877465170865e-05,1.5240219558125016e-40,6.165986776317089e-05,2.2382872608876384e-10,8.584510420952795e-21
AAACCGGGTAGGTACC-1,1.923404521254153e-05,3.890701024479737e-07,0.002227338144646976,3.015564948168603e-34,4.990773994131888e-05,0.9977031309998329,2.639010571744861e-13
AAACCGTTCGTCCAGG-1,3.281269458154884e-24,3.419641836341321e-24,6.318095229021174e-17,0.01516561983978356,4.625148719898798e-20,6.251333107758875e-20,0.9848343801602164
AAACCTAAGCAGCCGG-1,0.0012747711363636164,7.556624462712446e-08,0.9837591973176688,1.1214917336872455e-28,0.014959033081506146,6.922837207980768e-06,6.100873324565036e-11
AAACCTCATGAAGTTG-1,3.641391795132195e-05,4.765107962625907e-07,0.09505523968418077,3.7380201708649634e-31,0.001208890052542551,0.9036989798094068,2.512222168789235e-11
AAACGAAGAACATACC-1,0.9996387695618171,5.50368876793346e-06,2.330808504695063e-05,9.185159713055445e-37,0.0003323922935124331,2.6370855554385756e-08,2.8779084514064887e-18
AAACGAGACGGTTGAT-1,1.2491480274773093e-05,8.268419142803323e-06,0.4102481246598935,3.963129692796049e-30,0.5871793945082001,0.002551720615292888,3.171958192083026e-10
AAACGGGCGTACGGGT-1,0.04252870462633076,1.0064303779522192e-06,0.9440543931206018,1.1747688923302053e-26,0.0134095046156697,6.391114853799061e-06,9.216613896123624e-11
AAACGGTTGCGAACTG-1,0.0030491586863921555,1.93810517478107e-09,0.9942381180188906,6.853214119965627e-29,0.002683392282902861,2.9328244116882078e-05,8.295924086909571e-10
AAACTCGGTTCGCAAT-1,0.0011533498939160912,9.37515504692137e-08,0.9902274538844693,4.485049417813981e-31,0.0008729728113229718,0.007746129653923887,4.817354671318524e-12
AAACTCGTGATATAAG-1,0.9736086777627446,3.235577431243733e-05,0.025953291721311528,7.253306554830243e-33,0.0004050472451380846,6.274964369865784e-07,5.6531810273427264e-14
AAACTGCTGGCTCCAA-1,9.099320261302766e-05,4.97010767787343e-06,0.9793415862312322,1.0212999019008866e-25,0.02026534706247347,0.0002970719220830358,3.147392036957688e-08
AAACTTAATTGCACGC-1,2.1795019954028523e-46,3.94670534636194e-45,1.9641378025047808e-39,0.9999999999998173,2.4171573777060384e-43,6.72392542966929e-42,1.8267247799378273e-13
AAACTTGCAAACGTAT-1,0.0012542274329337205,2.0685376016173452e-06,0.9984597955003375,4.3977300248926046e-33,0.00012039827132077173,0.00016351025584598173,1.960447044383588e-12
AAAGACATGAAGTTTA-1,0.9114291290169517,0.08831811360665748,1.575197812026528e-05,2.2371627757625908e-38,0.0002370046058225632,7.92447690414221e-10,1.2949523527174481e-19
AAAGACCCAAGTCGCG-1,0.9860114605727115,0.011165584455577526,5.171916078206112e-06,9.321376327834234e-36,0.00281777481045799,8.245174704388062e-09,1.795282453761778e-18
AAAGACTGGGCGCTTT-1,0.00034573674659159033,0.0001349479102430568,0.7302746368655847,2.0999706306222367e-29,0.24902815550062338,0.020216522946848847,3.010853673527808e-11
AAAGGCCCTATAATAC-1,1.3277265206648499e-33,9.507812214197087e-34,3.331799393390358e-26,0.9999996429796953,2.612873575687844e-29,3.601495104638485e-28,3.5702030459193425e-07
AAAGGCTACGGACCAT-1,3.437341670471777e-07,7.4455636745605094e-09,0.0006608196465140865,3.20497889566421e-11,4.919817838277854e-06,6.521830793887233e-06,0.9993273874930733
AAAGGCTCTCGCGCCG-1,3.2254759137866686e-14,5.907099193314778e-14,4.540538478878348e-08,1.0371040271458069e-08,4.3770422459224554e-11,7.087093052825818e-08,0.9999998733087828
AAAGGGATGTAGCAAG-1,0.007559435745717336,3.899576467122259e-05,0.018900265132779363,2.1166774638696745e-32,0.973382933348555,0.00011837000823224806,4.50126854369213e-14
AAAGGGCAGCTTGAAT-1,8.108520132836011e-05,0.14980890129528857,0.0003538488904959555,7.267754361123094e-30,0.013230785384106608,0.8365253792213854,7.395093510210971e-12
AAAGGTAAGCTGTACC-1,0.9976158368264895,1.158940506807308e-05,0.0006294509541521037,3.3141057530003216e-33,0.001743107614161333,1.520012886330517e-08,2.680657712598196e-16
AAAGTAGCATTGCTCA-1,1.5251944776515432e-15,5.0368128349460384e-17,3.1729495149112298e-09,5.221433321199383e-07,3.927777156949118e-13,7.541594528008751e-09,0.9999994671417295
AAAGTCACTGATGTAA-1,0.9778397353478046,0.002123167222683436,8.582917666368686e-05,8.1312291497186e-34,0.019950612386977973,6.558658701597193e-07,1.0915297178459594e-16
AAAGTCGACCCTCAGT-1,0.014096701043364312,3.1058351312888665e-05,0.5830817953838286,2.9829979760417753e-23,0.399290194935755,0.0035002333317760777,1.695396316463046e-08
AAAGTGTGATTTATCT-1,0.00039901314794286064,2.6380768389493826e-08,0.050151473980598264,2.3122663797635918e-34,0.9494464368204694,3.049670220420739e-06,5.439753205385917e-16
AAAGTTGACTCCCGTA-1,0.05163403544428376,2.4604856190690456e-05,0.8813398237431325,1.2510713891327837e-31,0.06177501089829356,0.0052265250558959035,2.203588923639986e-12
AAATAACCATACGGGA-1,0.995507379854439,1.5509782214655146e-07,0.0036484136269487612,1.9593388142643637e-31,0.0008438572827152144,1.9413801708976632e-07,5.792431148700512e-14
AAATACCTATAAGCAT-1,0.0013203062809452387,2.651624412984489e-07,0.9928119174487641,1.6068562077030366e-29,0.0053864951653192885,0.00048101515361404016,7.889160156259969e-10
AAATAGCTTAGACTTT-1,0.502564560126953,8.376534844267954e-05,0.43612712199403253,1.9315079807153953e-34,0.061208395386833626,1.6157143731175563e-05,7.075615091115163e-15
AAATAGGGTGCTATTG-1,0.0005409179733673785,3.137830076706862e-08,0.9958342666881965,6.999944833217858e-31,0.00340045623517544,0.0002243277198943818,5.065420929511491e-12
AAATCCGATACACGCC-1,0.048314155631743676,1.5306152187637537e-06,0.83643686293953,5.170174781147065e-31,0.11514355663987932,0.0001038941734119945,2.1614502622941039e-13
AAATCGTGTACCACAA-1,1.738993515443704e-08,6.646864557156362e-07,3.316985797874199e-05,4.111163781166283e-20,6.024323055993291e-08,0.999965615256033,4.725663670308781e-07
AAATCTAGCCCTGCTA-1,0.9585033474932325,0.00020318030149617182,0.0009399523824188433,1.5277292759362413e-36,0.04033071682573678,2.280299711544202e-05,2.795350308372068e-17
AAATGATTCGATCAGC-1,0.9993615191064463,7.563643186378067e-08,0.0003177128476590584,4.739787707526397e-37,0.00032068249460626516,9.914856429357256e-09,8.889236451103085e-17
AAATGCTCGTTACGTT-1,0.07072247776345271,0.92853364305759,2.400280985687419e-05,6.096201773524474e-32,0.0007130739624067146,6.802406689928409e-06,3.868717345195019e-15
AAATGGCATGTCTTGT-1,0.0010205215467294112,0.00016491145325929496,0.00550569991399321,1.3521800899898608e-33,0.9933074323898834,1.434696119827183e-06,1.5000665672914302e-14
AAATGGCCCGTGCCCT-1,1.1352348454327612e-14,5.158351309427964e-14,5.174421989553698e-07,1.262959034109646e-08,3.0903710496446036e-11,1.2627412224264915e-09,0.9999994686345027
AAATGGTCAATGTGCC-1,0.012994293998751176,0.0010589714702659314,0.27225468201315123,1.6679803869667338e-28,0.01246719347817281,0.7012248575755958,1.4640629655858969e-09
AAATGTGGGTGCTCCT-1,5.668739951984917e-07,0.9999989711950745,8.554474222973436e-10,2.9455190328432815e-33,4.605309638721536e-07,5.445188779587528e-10,6.043921312968036e-18
AAATTAACGGGTAGCT-1,0.00035169943951370323,6.109369407205619e-06,0.09995166172545744,1.8814211109240418e-30,0.002279287486253988,0.8974112418406456,1.3872211449315762e-10
AAATTACACGACTCTG-1,0.10920024162515259,4.2915600051582165e-05,0.11936072279704345,4.745616091341635e-33,0.7713910788894126,5.041088278669731e-06,6.134350752115347e-14
AAATTACCTATCGATG-1,0.003659643172237356,1.8467305204212514e-05,0.0016896932770921092,3.2877595085208133e-35,0.9946316494771767,5.467682884698127e-07,1.0949764621508732e-15
AAATTGATAGTCCTTT-1,3.5070853937516864e-32,1.2714116122674443e-31,1.359794545061391e-24,0.9999441227586519,1.7971475054499115e-28,9.8219676301178e-25,5.587724134803888e-05
AAATTGCGGCGGTTCT-1,0.00505947276679485,0.9775358638460551,0.012572535131456283,2.5194149765239674e-30,0.00316851217451802,0.0016636160760366181,5.139194794274512e-12
AAATTGGTGAGAAGCA-1,2.4418048596615866e-10,6.608098824304727e-13,4.29889096872282e-08,1.1206298104725252e-05,6.02077621689451e-11,3.460026910679847e-12,0.9999887504044765
AAATTTACCGAAATCC-1,0.6149251649280528,0.27744581413266545,0.0029713170467712303,1.4908388939067822e-32,0.10465696449659832,7.393958818533782e-07,3.020229646768993e-14
AAATTTGCGGGTGTGG-1,4.304791790693314e-16,3.142172894748739e-14,1.4117795068738153e-07,5.975821569933261e-12,1.9614690489191785e-10,3.853576636211864e-08,0.9999998200841285
AACAACTGGTAGTTGC-1,0.001949581599430023,0.00265534703443675,0.04781043659211715,8.515639643553056e-34,0.2669470309953823,0.680637603778537,9.67442449815295e-14
AACAATACATTGTCGA-1,6.873855602289187e-32,3.2478646504482565e-30,6.93296953654044e-26,0.9999468175546717,4.6304549539276437e-29,1.2276905008500481e-25,5.3182445328286833e-05
AACAATTACTCTACGC-1,5.031986656670149e-07,3.4858323406463316e-05,0.00022090737951851777,2.4312668274002896e-31,0.004664308659961591,0.9950794224383601,8.776023464523501e-14
AACACACGCTCGCCGC-1,0.004745595203503425,1.6893787207740456e-08,0.942600726105781,2.725169592095332e-31,0.05261035970107525,4.3302095426363385e-05,4.266759391515825e-13
AACACGACTGTACTGA-1,0.8389220597134548,0.0002985069759810647,0.00024070528158290952,1.420754569947247e-33,0.1605364513908757,2.276638104803905e-06,7.205238875606294e-16
AACACGAGACGCGGCC-1,0.0006820335847837212,2.134594808081966e-06,0.9537667657439437,2.0266755132391686e-30,0.0003323054518704427,0.045216759693665697,9.309284446375729e-10
AACACGCGGCCGCGAA-1,7.829906284526052e-07,0.9999721667606749,1.926828084764639e-06,7.170171996888668e-35,1.2249592190044986e-05,1.2873828421185407e-05,3.589991118417625e-16
AACAGCTGTGTGGCAA-1,3.12304205179582e-37,4.712370133409895e-36,7.284518088610491e-28,0.999999379755114,3.733658099178102e-32,3.041775568573182e-29,6.202448860104252e-07
AACAGGAAATCGAATA-1,0.0002164745114536623,1.4704710688126057e-06,0.0009869272141508664,6.9590525341496615e-31,0.998790190911607,4.936891707778689e-06,1.1813217981296473e-14
AACAGGATGGGCCGCG-1,9.450496545896525e-06,1.3927178603213472e-06,0.0028587849052268475,2.86786007317703e-38,1.1006005211775541e-05,0.9971193658751552,7.687487224430747e-17
AACAGGTAGTATGGAT-1,0.9998731725791917,2.9003433122496824e-07,9.978719928543199e-05,9.940055281590775e-35,2.6745352729950346e-05,4.834461665296225e-09,3.824783870908712e-17
AACATATCAACTGGTG-1,0.0025283328915802626,5.294784116983546e-08,0.00046780435172979497,6.293994686230607e-33,0.9970037569107191,5.289812635837182e-08,3.2588754210772324e-15
AACATTGAAGTTGATC-1,1.7925165762877425e-42,8.317687848711819e-41,1.9641184528544277e-35,0.9999999999856914,6.151267945569174e-38,2.2912407947259364e-37,1.430857285677569e-11
AACATTGTGACTCGAG-1,5.027262066944769e-08,3.4208430332474023e-10,0.0002100088274964902,4.88572895746441e-13,6.499017492215621e-07,2.1526997204870685e-06,0.9997871379558403
AACCAAGACTTCTCTG-1,2.610296534287546e-09,4.357918123566913e-10,0.0002503032364548304,1.720831635166491e-32,2.0041043375789114e-06,0.9997476896126182,5.009681422478566e-13
AACCAGTATCACTCTT-1,0.9995570294316538,7.634233666387501e-05,8.397246892221545e-07,2.7947720843458056e-36,0.0003657884661656562,4.0827287159681705e-11,1.5325744919853486e-19
AACCATAGGGTTGAAC-1,2.298956907228362e-39,8.188497468590978e-40,2.54383511787774e-32,0.9999999991393609,2.636082850681631e-36,7.167896134623072e-35,8.606391046355573e-10
AACCATGGGATCGCTA-1,0.060508707940150716,0.1181200548418634,0.013199219961676662,8.354707975472675e-32,0.20923889658596043,0.5989331206695752,7.735380788818537e-13
AACCCAGAGACGGAGA-1,0.9937219077431833,0.0018933879648585412,0.0005531477333027875,1.0789946769795035e-34,0.003628095221312382,0.00020346133734246488,3.5991743770999463e-16
AACCCATCCCATGATC-1,6.87021743715886e-33,3.929847481029435e-34,1.4360414387971379e-24,0.9999309619696535,1.6712695758692434e-28,3.669507755583847e-24,6.90380303464864e-05
AACCCGACAACCCGTG-1,3.2680350862700946e-26,2.4486728484292423e-26,4.649055867015778e-19,0.9886402102210847,5.659605769793436e-23,8.99315245427105e-21,0.01135978977891511
AACCCGAGCAGAATCG-1,0.9992757078984746,0.0003589485362318853,0.0003606949743701683,7.72941721244788e-37,4.475453294069666e-06,1.7313762918585724e-07,2.906674185348859e-17
AACCCTACTGTCAATA-1,0.4951581512525519,4.5298721427680465e-05,0.12657059346699168,1.0440916785528878e-34,0.37815597870453166,6.997785449579369e-05,1.339329806399526e-15
AACCCTGGTGGAACCA-1,0.42525000204623853,0.00048794644556983543,0.0023046848060971187,3.0312671351250177e-35,0.5719568208227817,5.458793124735156e-07,4.936999061499795e-16
AACCGAGCTTGGTCAT-1,2.6617148245106745e-05,1.8717155223222445e-08,0.011266630275371359,7.165228113415287e-28,0.9886765791651402,3.0154572080558364e-05,1.2200766200723158e-10
AACCGCTAAGGGATGC-1,0.0016044803937196946,5.202513865327642e-07,0.5734751959193892,8.989945647994364e-30,0.4249063866734299,1.341676037886325e-05,1.6957398528988893e-12
AACCGTTGTGTTTGCT-1,0.5509898040821766,0.002200498295230245,0.0009476346440190678,8.335760623680419e-36,0.44586014402328006,1.91895529398903e-06,2.0162001434600867e-17
AACCTAAAGCCGTCCG-1,0.9946277786693133,0.004511768315074964,0.0008585715192316581,2.8278762265612655e-39,1.7798661859470903e-06,1.0163019402021613e-07,4.600376475131477e-19
AACCTCGCTTTAGCCC-1,0.006072631273359417,7.925174114417635e-06,0.9506111365741557,3.4425283723060624e-26,0.04330494970692827,3.3570798547318746e-06,1.915872996176575e-10
AACCTTTAAATACGGT-1,0.0005872341002324336,2.1376850835219774e-09,0.9992858294602708,3.0266105187949515e-32,0.00010314928922745547,2.3785008297049615e-05,4.2873638242040776e-12
AACCTTTACGACGTCT-1,0.20194752053507029,3.9368025673788194e-07,0.46038664567839294,1.8693736614391582e-26,0.33765450651288603,1.0933388944845388e-05,2.0444916182863888e-10
AACGAAAGTCGTCCCA-1,5.79995636480915e-47,4.250466734569451e-46,2.184010749532622e-38,0.9999999999992197,1.3946517435147444e-42,1.4043554621138821e-40,7.801982754846392e-13
AACGATAATGCCGTAG-1,5.513322849231844e-05,6.195717793494185e-08,0.9968776328454425,1.1315018964502921e-29,0.0030464356111471456,2.0736351922540445e-05,5.817452659155481e-12
AACGATAGAAGGGCCG-1,0.8108747504431313,0.004183719219018596,0.10903849119220278,1.7249795621052317e-32,0.07588865349561817,1.4385649954388778e-05,7.447851699039541e-14
AACGATATGTCAACTG-1,0.0013135068626991583,0.000381758265662221,0.0068917753679183505,1.361404326871915e-27,0.9914087101688801,4.249280177345438e-06,5.4662674148069376e-11
AACGCGAACGGCAACA-1,0.002389712150126134,0.9953087870489724,6.960262042370882e-05,1.876737199392515e-28,0.0013273370284046918,0.0009045611519915955,8.15092111886156e-14
AACGCGACCTTGGGCG-1,1.927130293538528e-06,1.0712429190052567e-07,0.46098175578987377,6.562554977049128e-14,0.002006173343890587,0.0009389229764369644,0.5360711136351476
AACGCGGTCTCCAGCC-1,0.0009615705580728198,3.029202389446802e-08,0.021079618220374147,2.5878398461656995e-29,0.977771483641301,0.00018729724772584836,4.050241756284116e-11
AACGCTGTTGCTGAAA-1,0.06191727952646298,4.017203640476511e-07,0.5693747256257089,1.3955858265240303e-33,0.3684484504530433,0.00025914267438703376,3.3593006248507184e-14
AACGGACGTACGTATA-1,0.4904786648167017,4.6486680841767155e-05,0.36397273656919754,1.670688502597251e-29,0.14549612490523367,5.987025147423258e-06,2.8780300808771268e-12
AACGGCCATCTCCGGT-1,1.909028227059152e-20,5.3076493178413985e-21,7.84789214158246e-13,0.052302799730523854,9.224966139286865e-17,3.1824847964053923e-15,0.9476972002686881
AACGTACTGTGGGTAC-1,2.3989165323909168e-17,2.5580977846671854e-15,1.287173018717538e-10,5.763086108193971e-06,9.998316577115855e-13,4.504600548685889e-13,0.9999942367837217
AACGTAGTCTACCCAT-1,0.057111146956802326,0.9340002912961743,0.00015032387419167974,3.3418026597339906e-30,0.008733743624583401,4.494248194926629e-06,5.338619184293195e-14
AACGTCAGACTAGTGG-1,0.0032840602690984867,0.0058504924788420655,0.062363582415597904,9.12395319745299e-34,0.8172709290485091,0.11123093578792288,2.966810869479028e-14
AACGTCGCTGCACTTC-1,0.0007670177185883332,0.00011156032348295201,0.9904572825467836,8.090953338955161e-29,0.007293170584652833,0.001370968803753771,2.2738870643599577e-11
AACGTGATGAAGGACA-1,0.7042089403569093,0.0012207826794629025,0.004336546600951296,5.361827523808752e-37,0.2902321194209241,1.6109417522663963e-06,5.463339504596677e-17
AACGTGCGAAAGTCTC-1,0.004790468522032214,0.00016804726978617872,0.43527823617776745,2.1134127359898256e-28,0.5546538077544058,0.00510943990676224,3.6924607970780946e-10
AACTACCCGTTTGTCA-1,0.9978247427262187,1.6172350906814702e-07,0.0015083387696271347,1.4607700657072484e-33,0.0006666369402479682,1.1984038960082202e-07,7.70929652251306e-15
AACTAGCGTATCGCAC-1,4.130995910075155e-07,0.9999994988419567,3.712732836699083e-11,2.2618645448861337e-35,8.801971426203695e-08,1.6104828032133818e-12,2.8075354935374186e-20
AACTAGGCTTGGGTGT-1,2.717389216210915e-06,3.567643111395476e-08,0.8804032993468005,3.970544039580868e-29,3.8885090650054035e-06,0.11958998589791149,7.318057569488168e-08
AACTCAAGTTAATTGC-1,1.2888762728487978e-10,3.800940924712694e-09,1.1888928143047562e-05,8.60849413860504e-34,6.470639574309942e-07,0.9999874600772075,8.63510799821448e-13
AACTCCAGAGCGTGTT-1,0.333778321650427,1.4965169256536984e-06,0.03803875592227657,1.6795484990410578e-32,0.6281807426301282,6.832801847509364e-07,5.792572447228496e-14
AACTCCTAATCCCATG-1,0.952990085724948,1.6770067326040803e-07,0.016758587955022358,7.538029596338355e-35,0.03025076716609407,3.9145326162494927e-07,8.015830885736045e-16
AACTCGATGGCGCAGT-1,9.985729386298123e-09,0.9999919755511648,1.2133024692533097e-06,1.631664026316954e-25,2.0276608991552923e-06,4.773477198774332e-06,2.2538691739041514e-11
AACTCTCAATAGAGCG-1,0.0005444697267244286,1.5316981399762796e-07,0.6339757627987582,1.0567075296527803e-31,0.3653068957122211,0.00017271859121409443,1.2680857402555986e-12
AACTCTCAGTGTGCTC-1,1.8396140158961493e-17,6.559587433637169e-15,5.567138474492313e-13,0.00024804534484167937,6.877574925131066e-14,9.608213237945999e-14,0.9997519546544302
AACTGATATTAGGCCT-1,0.00011872148880852319,1.565059404329287e-05,0.004519218133569795,2.5178973766175823e-27,0.9950854745991161,0.00026093497502729083,2.0943497674733486e-10
AACTGGGTCCCGACGT-1,0.00027368724136625386,3.2350775449572816e-08,0.000631906287884452,2.9203564765715177e-39,0.9990898345192757,4.539600698218162e-06,3.1245893701345163e-19
AACTGGGTTCGAGCCG-1,0.9989676589236106,0.00010968887762537226,8.523654752695774e-05,8.444611245310923e-40,0.0008374144310048426,1.2202321956874535e-09,7.611983839136674e-20
AACTGGTGTGGGCCTT-1,9.002741082906395e-05,0.9999083219390905,4.017152059745438e-11,1.7415433015649109e-44,1.6499487134862554e-06,6.611953359985954e-10,4.046454875019283e-24
AACTTCTGCGTCTATC-1,0.9780100684029239,0.004972648714102484,3.785921966844915e-05,1.0280607046230462e-36,0.016918093069059604,6.13305942453677e-05,1.055538954927757e-18
AACTTGCCCGTATGCA-1,5.5706474895548534e-08,6.356884364269463e-07,5.2769167365737875e-05,1.629719592365054e-28,2.611060350603951e-05,0.9999204288283584,5.8584229847458005e-12
AACTTGCGTTCTCGCG-1,1.0426405682309155e-09,0.9999998993724349,1.1262586715763003e-10,1.475565248778983e-33,9.406371996384476e-08,5.40857856670483e-09,2.4951098230007417e-17
AACTTTAGCTGCTGAG-1,9.401327902631712e-06,0.9607402757311109,5.9978275876422435e-05,2.037822558507209e-27,0.03918560983228759,4.7348269229511875e-06,5.89966984856309e-12
AAGAAGGATCAGTTAG-1,3.486144858538008e-07,0.99999943964845,3.44030735095496e-08,6.1288212868109364e-30,8.957411693474852e-08,8.775984398275437e-08,2.983139448651452e-14
AAGACATACGTGGTTT-1,0.9105605587023239,0.0338731793527455,0.0527188055374759,2.592900396081103e-27,0.0022761917480236876,0.0005712646506668846,8.764025262334787e-12
AAGACCAAATAACTCA-1,4.481923238625408e-40,7.927039066326343e-39,1.4912402530736602e-32,0.9999999991094894,4.248181203266045e-37,9.188595279611829e-38,8.905104638974266e-10
AAGACCCAACTGAACA-1,4.644889290353524e-09,3.322856474177464e-08,8.23387504485005e-05,7.274949819415622e-11,1.7453196537002795e-06,2.310594553875376e-06,0.9999135673891403
AAGACTAACCCGTTGT-1,0.02580389675099488,0.6899045780189907,0.0028262232529258587,1.2629724801101665e-27,0.28061055459580786,0.000854747365759554,1.5520939765432896e-11
AAGACTCACGCCCACT-1,0.5625026223496703,7.454374471230082e-06,0.4320625103206826,2.7474231585818443e-27,0.005427297124069133,1.1576719396635648e-07,6.391270923975999e-11
AAGACTGCAAGCTACT-1,4.817686027546016e-07,4.824546117829884e-05,5.4249367626029175e-05,5.013837034558018e-30,8.407970235501136e-05,0.9998129436974081,2.8299611294720878e-12
AAGAGATGAATCGGTA-1,5.645635917928768e-06,5.408119694509397e-07,0.0017576290517826508,1.771025950597217e-29,1.858441206808451e-05,0.998217600085318,2.9439814690332786e-12
AAGAGCTCTTTATCGG-1,0.0010365811964690148,5.018966290078341e-06,0.6541737464080869,1.411440197983588e-20,0.3441348625653173,0.0006398002137265334,9.99065011012742e-06
AAGAGGATGTACGCGA-1,2.862730455114707e-08,1.9994426542200197e-07,0.0015525281510835054,3.23372213536191e-23,0.0002103357310915576,0.9982368130084085,9.453784653758101e-08
AAGAGGCATGGATCGC-1,0.00011321167681758288,1.4408145370920786e-07,0.891452822620463,7.1559498314853645e-22,0.10832119810295422,0.00010838158926465971,4.241929046642963e-06
AAGAGGCCCTTTGGAA-1,0.9912924140716111,9.68018221205531e-06,0.008607580156608324,4.5154773628673386e-35,9.026163318404047e-05,6.395638391261219e-08,6.084495796457401e-16
AAGATGGCACCGGACC-1,3.074108635551443e-40,7.94208100309181e-41,4.959910851527427e-34,0.9999999998329465,4.904460804382658e-38,3.1841298871342217e-35,1.6705337509832285e-10
AAGATTGGCGGAACGT-1,0.0003397978454956766,2.5226502848345444e-05,0.003352333320786948,1.277470861566039e-20,0.9962753392263438,7.2685787257264535e-06,3.4525799471636554e-08
AAGCACCCTGCGTATC-1,0.0017120085809826532,3.2585709130408114e-07,0.9883439905441109,2.4319822491127723e-33,0.009860291332100861,8.338368544323608e-05,2.7100538828532735e-13
AAGCATACTCTCCTGA-1,8.231441290391882e-05,3.4289770006349498e-09,0.9965510187619447,5.2173092306974044e-33,0.00048200237516998583,0.002884661016657332,4.347210185279895e-12
AAGCCGAAGCGGTTTA-1,0.39478811115311113,1.8774192652049522e-05,0.3294529072875537,5.2251413725875324e-33,0.2757307951778264,9.412188792532958e-06,6.424805912828414e-14
AAGCCGCCGTGAAATC-1,8.275783345013799e-26,6.119221232342798e-24,1.0445923062294531e-17,0.9496678322845514,1.9836254038431555e-20,3.5619444956564885e-20,0.05033216771544854
AAGCGCAGGGCTTTGA-1,1.3071467268645002e-05,1.1362604428207127e-08,0.9916930638217859,3.482924947795329e-27,0.008270324349266946,2.3528070818884457e-05,9.282550166337329e-10
AAGCGGCGTCATGGGT-1,0.9997702755707681,5.559549969980371e-07,6.87943837782597e-06,2.000432994853219e-37,0.0002222363578384135,5.267801847221049e-08,3.778830749875702e-18
AAGCGTCCCTCATCGA-1,2.4327815826966144e-31,4.23672251232337e-31,4.18968202681042e-22,0.9753844656097995,8.5697016719069e-27,1.1385940998026602e-23,0.02461553439020062
AAGCTAGATCGAGTAA-1,8.093461315019501e-05,1.9070928790369317e-09,0.9995677568370867,3.0747221117212235e-24,0.00032017381078075654,3.025254645257592e-05,8.802854369281282e-07
AAGCTCGTGCCAAGTC-1,0.0005215621846207274,4.0616867476207226e-05,0.2099838283233827,3.073132015193541e-32,0.37643525280431317,0.41301873981669723,3.5099412607889157e-12
AAGCTCTTTCATGGTG-1,0.00013493299102144252,1.1359771567015396e-08,0.9882780399382842,9.742383208260965e-34,0.0077000969899814736,0.0038869187206661735,2.7489480842841846e-13
AAGGAGAACTTATAAG-1,0.00828140906046617,0.9917061095842509,2.3203083278975718e-07,2.1023628699596856e-37,1.0493410015356437e-05,1.755914434766773e-06,2.174230235700179e-18
AAGGAGCGGTTGGTGC-1,0.0006566389712669317,0.00013792768516596456,0.4461234312922803,6.595351246067325e-36,0.08191309792226527,0.4711689041289845,3.713324837557298e-14
AAGGATCGATCGCTTG-1,0.9278579253700885,5.0036256592914925e-05,0.03193883438466518,3.617600353102735e-36,0.03993410023319582,0.00021910375545744062,2.7243457596713207e-16
AAGGATGAGGGACCTC-1,0.0003379665952431895,1.0991549801764456e-05,0.004840629888402894,1.1203082342791343e-32,0.9948044069412623,6.005025256244963e-06,3.366411879976076e-14
AAGGCGCGTAAAGCTT-1,0.006203322586918277,0.006943082099215727,0.21940023305200948,4.6755317342069376e-30,0.6684883051586769,0.09896505709474858,8.431271463361252e-12
AAGGCTGTGCTCATCG-1,0.00014266459777586692,8.361132263275146e-07,0.2717380640359992,2.113573032752291e-29,0.31245271253206375,0.41566572264594887,7.498591467779626e-11
AAGGGAACGACTGGCT-1,1.9606429270905275e-39,3.6397547412294315e-39,5.296219653287966e-33,0.9999999989637409,5.660260830995247e-37,1.4943248997558337e-36,1.0362591322251687e-09
AAGGGACAGATTCTGT-1,0.0006684937789007865,6.193264460903965e-05,0.009350960583069817,2.1919408658714528e-24,0.9899163629841269,2.249105546212113e-06,9.03747378940634e-10
AAGGGACTATGCATTC-1,2.5192506900794035e-24,9.948532873264751e-26,1.5163282479097747e-17,0.9749746361261102,5.6456183400982565e-21,1.8202019103296775e-20,0.025025363873889688
AAGGTATCCTAATATA-1,2.464888507535564e-09,2.349046863463515e-11,1.3062254942697927e-06,2.2131713553585026e-05,3.1079749943010985e-06,8.840252598173954e-10,0.9999734507135537
AAGGTGATAAACCAGC-1,0.0031190045126776407,2.046095077949322e-07,0.8893388396338943,3.166139958062311e-25,0.10753658289795102,5.3668264594952e-06,1.519509718034259e-09
AAGTAAGCTTCCAAAC-1,0.024332251977588554,0.9719376069181638,0.0005159885758460919,2.687383587068822e-29,0.0032069242324382873,7.228295234848825e-06,7.285403744978419e-13
AAGTAGAAGACCGGGT-1,0.13189602786829638,0.0034161621716437074,0.017686369044257442,5.271334411332528e-32,0.8463460376934806,0.0006554032222634683,5.842183816702298e-14
AAGTAGTGACGCGAGG-1,0.008924591881506487,0.000989993543990183,0.39681130347731175,1.133195865160079e-32,0.4529898213490754,0.1402842897479757,1.4060076903733888e-13
AAGTCAATTGTCGTCA-1,0.04347024318191578,1.0976453464324282e-06,0.11438762163615343,2.449138089099142e-32,0.8419659806486149,0.0001750568877684,2.0111309736743132e-13
AAGTGACGACCGAATT-1,3.697049436843083e-12,3.652830461649511e-10,1.1550813949389422e-07,1.5227794005676582e-29,2.1847392179273157e-10,0.9999998839026857,1.7208247651389691e-12
AAGTGAGTCGGGTTTA-1,2.7634669136500237e-17,2.499783310764424e-19,2.9908114922290214e-10,3.6147932583401206e-07,3.5103732161874326e-12,3.7180149310216863e-11,0.9999996381809025
AAGTGCAAAGGTAGAC-1,0.029095359958401824,0.08199192334785675,0.5183316731443252,3.9779961097481415e-33,0.36337547404744724,0.007205569501931003,3.8116734534245554e-14
AAGTGCCTTGACTGTA-1,0.9362974293484129,9.133903278314366e-05,0.02643271009783831,1.2051977249936331e-34,0.037155722849753145,2.2798671212084236e-05,7.203388455749959e-16
AAGTGCGTTAGAATCT-1,3.573248321668757e-14,1.4945816380925428e-15,4.4351162203530226e-07,2.0309578439159173e-08,1.8866625050223074e-11,9.551745904987746e-11,0.9999995360643782
AAGTGCTTCTCTATTG-1,3.2485488160926754e-27,9.479822481169029e-23,9.691600616434836e-20,0.9948020354934259,2.470733729017568e-22,1.135053734939261e-22,0.005197964506574039
AAGTGTTTGGAGACGG-1,9.953220143562024e-05,3.818020470221824e-09,0.9922546431968788,2.739322853660623e-30,0.007612975231663963,3.2845546227759206e-05,5.773358501947364e-12
AAGTTCACTCCAAGCT-1,0.005423774246393812,1.3255671848270635e-06,0.9928448915949556,4.4087194463010224e-35,0.0017158886271960963,1.4119964242260695e-05,2.7238615886246348e-14
AAGTTCAGTCTGCGTA-1,0.9491727855362468,2.7075258308566866e-07,0.00020321099205405498,3.56576204476591e-37,0.05062330343443193,4.2928468408229183e-07,4.5532747338921065e-18
AAGTTCGGCCAACAGG-1,2.2241961388049667e-16,1.7614049432025286e-13,3.031454029198176e-09,4.249605845305555e-07,9.459566497431558e-13,1.4905881305645266e-06,0.9999980814187085
AAGTTTACTAATGGCA-1,0.5360448389265913,0.4517018793552242,0.0026203524125999987,2.175080470813434e-28,0.008680399671791532,0.0009525295843580983,4.9434888248433695e-11
AAGTTTATGGGCCCAA-1,2.2521373006849145e-07,1.668808691823503e-10,0.9991047953106548,1.244007115370621e-21,0.000769107723758637,0.00011760766820224287,8.263916773313989e-06
AATAACAACGCTCGGC-1,3.161272707657389e-12,1.4514790368300614e-09,9.775739109855908e-07,5.111980152411517e-32,9.746424605772123e-08,0.9999989235070164,1.8625139965712224e-13
AATAACACTAGAACAA-1,2.5779778166852096e-22,6.454813730596549e-22,6.96177124426061e-16,0.47549144125095516,1.0090529883044873e-16,2.0773996167765377e-19,0.524508558749044
AATAAGTCCTCGAGAC-1,0.991014140252471,1.7393984793653042e-05,0.008670596422633793,2.4335545086608155e-32,0.000297614048397006,2.552916785613956e-07,2.6255310842524562e-14
AATACAATGTTTCAGG-1,0.08138443956458287,0.08752224660562297,0.0021557360183922184,2.4529154449745782e-29,0.8289181097103004,1.9468100254233098e-05,8.473189143365095e-13
AATACCGGAGGGCTGT-1,3.8582508384551136e-30,1.906621335636954e-29,2.6985475430950406e-23,0.9998960724848458,5.632112369935415e-27,6.423318856293991e-25,0.0001039275151540948
AATAGAACAGAGTGGC-1,8.815628572064668e-31,1.3980634189378509e-31,1.418479413538503e-25,0.9999692660245226,2.0268863196051764e-27,5.984478078553396e-29,3.073397547741684e-05
AATAGAATCTGTTTCA-1,0.005080188743511616,4.5287905575282655e-07,0.9815225029518121,4.370637903647354e-34,0.01333633826304598,6.0517162530075075e-05,4.4698961022944044e-14
AATAGCTACCGCGTGC-1,0.9999888054943268,1.699511067231411e-08,1.4486477103136572e-06,8.198548732456233e-47,9.717889904453794e-06,1.0972947537058413e-08,1.1636810238420728e-24
AATAGTCCGTCCCGAC-1,4.210823895480729e-06,1.2454222931616904e-06,0.1628935183453574,5.439520701554256e-24,5.768431570957464e-06,0.8370951442778556,1.1269902752157473e-07
AATATCAAGGTCGGAT-1,1.065626150815781e-05,0.9999772184596247,4.647766042338429e-07,4.2049134028024275e-28,2.1965721981911423e-06,9.463929848715819e-06,2.1636261373140626e-13
AATATCGAATCAATGC-1,0.9716145609760859,1.5904791049359283e-06,0.01590216884242035,1.5947908060237328e-31,0.012481277159877048,4.0254246355316846e-07,4.81045809841272e-14
AATATCGAGGGTTCTC-1,0.030044261735516473,0.0001545030698294822,7.561049736615972e-05,2.986454058641987e-33,0.9697256114798084,1.3217479103619283e-08,3.109825840277374e-16
AATATTGGAGTATTGA-1,1.7791678451328092e-06,5.715615051937384e-10,0.00624088822643533,3.515890962671001e-33,2.2665649094052197e-05,0.9937346663846882,3.7577275164552517e-13
AATCAGACTGCAGGAC-1,0.0035988080446852765,0.9871305140197292,7.363820610880136e-05,1.7127779064662522e-34,0.009167868000018167,2.9171729457068645e-05,1.4127490557086656e-15
AATCAGGTTTCATTTA-1,1.6897876157988761e-31,3.49459412526203e-31,8.243845581228861e-24,0.9998504892019682,2.9905113685669846e-27,1.4116076283918996e-25,0.00014951079803178431
AATCATGTAAAGACTC-1,0.45045449115436187,2.4282394648554252e-06,0.1481031789027207,1.3706672651197746e-30,0.4013577504858253,8.21512150854884e-05,2.5418831122274915e-12
AATCCAAGGGCCTGAG-1,0.9010400487146275,0.0011396885986141956,0.0070585350282399,7.241228843669006e-36,0.08980082595679922,0.000960901701718279,7.659483966252958e-16
AATCCATGCAAGGGTG-1,6.202012992694304e-12,0.9999999997878541,4.287310874040057e-12,5.872683291637096e-41,1.36101378286112e-10,6.555537654956574e-11,1.1087056432857467e-21
AATCGCCTCAGCGCCA-1,0.00014147384897908468,6.265968767397523e-06,0.4644568368365684,2.204031190254345e-33,0.5351889862157768,0.00020643712531974334,4.588456991938182e-12
AATCGCGCAGAGGACT-1,0.9997574595598265,3.325220778237411e-08,8.826886593602391e-05,8.149858893363237e-41,0.00015423736795160838,9.540780217343136e-10,4.324917251693547e-20
AATCGGGACACTACGA-1,0.9748621232575517,0.022703259625991064,2.335424387254258e-05,2.556119848043541e-38,0.00241122598091677,3.6891667908800224e-08,1.0639115832354223e-18
AATCGGTATAGCCCTC-1,0.002091426204606447,0.0006006623662934335,0.9845641847162064,1.2013218794992112e-24,0.011302675598641555,0.0014410482988108989,2.8154409637914246e-09
AATCGTGAGCCGAGCA-1,9.528594933855936e-05,1.500926333176107e-07,0.990580191750883,2.5531625007736945e-30,0.00929790957593352,2.6462629170425664e-05,2.041339695576461e-12
AATCTAGGTTTACTTG-1,4.094198407450145e-30,1.3289919017098159e-30,1.8463801332970285e-22,0.9999082349621997,1.6230262996747071e-25,9.170078245959263e-26,9.176503780037207e-05
AATCTATGCCGGAGCC-1,0.9998442675998483,5.782895537136871e-07,0.00010194755301872019,8.990578238132251e-38,5.320383105478064e-05,2.7265243286023322e-09,1.883700989988076e-18
AATCTCTACTGTGGTT-1,6.257867812957551e-07,1.5486011447712718e-06,0.9710904335592365,1.4679584822342196e-20,0.012191750145643693,0.016710781926639096,4.8599805546808015e-06
AATCTGCGTTGGGACG-1,0.013078151626743537,1.7203291574779496e-06,0.14037935801876292,5.085957316742561e-29,0.8465295718682022,1.1198150098275026e-05,7.0354440967245555e-12
AATCTGGCTTTCTAGT-1,6.2931958650636465e-24,6.395745063189017e-25,2.7756980877832397e-14,0.0011495022692941828,2.6945752252197616e-18,1.1600905002283393e-16,0.9988504977306779
AATCTGGGTAGACCCT-1,0.9996621668179445,0.00011955976583009206,0.00014842765763103068,1.408060399044395e-34,6.983278692454996e-05,1.2971669705126256e-08,7.64319917830169e-17
AATGACAGCAATGTCT-1,1.1595789566322258e-24,1.9471655354239627e-22,3.95586415675767e-16,0.004369874107691183,1.9014374969866195e-19,4.672152858169892e-18,0.9956301258923085
AATGACGTAGGATGTC-1,0.0001451133358050615,1.8669478140763645e-07,0.9617208173686226,8.567878535012044e-29,0.03812995622290209,3.925661417277656e-06,7.164713212115445e-10
AATGACTGTCAGCCGG-1,0.025955718826102897,0.0006893918135448524,0.0363591493708499,1.2714640950097416e-27,0.25702301065042965,0.6799727291087454,2.3032724210560498e-10
AATGAGTTCGCATATG-1,0.0003346696358101581,0.9996441458850217,6.982815703051634e-08,1.0055125306713122e-39,4.8982114135323905e-06,1.6216439597465297e-05,4.838434792124967e-20
AATGATGATACGCTAT-1,0.00040646573305172913,0.0003195223750855481,0.0004437144039144436,4.044411644422113e-26,0.9988302751907855,2.2280789931036234e-08,1.637282174663669e-11
AATGATGCGACTCCTG-1,0.014914544131434213,1.5645864286227767e-06,0.00031090590705385216,1.8350686519271293e-31,0.9847726688682611,3.165068191441443e-07,3.1235725337021806e-15
AATGCAACCGGGTACC-1,2.1533503904520302e-05,5.983030443013975e-07,0.892110057714895,6.384113280255004e-28,0.09147036226578774,0.01639744777891695,4.334514087706548e-10
AATGCACCAAGCAATG-1,0.049638582380982954,6.190710272290153e-06,2.7542728709851834e-05,1.6532417231749436e-34,0.9503275744957733,1.0968426123240126e-07,1.6482377585508003e-16
AATGGTCCACCGTTCA-1,0.0046987864496698395,4.790843746105446e-05,0.9644811917488514,5.413015343657769e-31,0.025528843664783477,0.005243269694339286,4.8950185421385504e-12
AATGGTTCTCACAAGC-1,0.14513002649348264,0.01478681097665242,0.00779132016830893,3.4794987529205046e-30,0.8322358827039595,5.595965746947302e-05,1.269456046617153e-13
AATGTATGGCACTGTA-1,7.372019986270488e-50,3.3217981321010834e-50,2.0631680932815398e-43,0.9999999999999978,4.1975641446206894e-47,1.1018628760504722e-45,2.262483733914146e-15
AATGTGCCCGAGGTGT-1,3.750505500789728e-24,1.5006227420918953e-24,9.197640006637505e-19,0.9990729965325712,3.702984925103668e-21,8.16212356609658e-20,0.0009270034674286726
AATGTGCTAATCTGAG-1,6.068304197788687e-35,6.32238918352592e-33,1.633985412886002e-26,0.9999938536467904,9.947653934942035e-30,1.4529103532597546e-28,6.1463532095463245e-06
AATGTTGTCGTGAGAC-1,0.057453953622554274,0.0001468370919151425,0.94177230596629,4.116049902333531e-25,0.0005434624437338409,8.343758932718492e-05,3.286179362675544e-09
AATTAAAGGTCGGCGT-1,9.864767573227637e-10,1.7089501486862196e-08,0.0006949225853978434,2.0807458223826165e-18,2.5960979785967153e-06,0.995016235897594,0.0042862273430512195
AATTAACGGATTTCCA-1,8.483149395189953e-05,7.637959447579753e-10,0.9994099075729583,1.2671015818765397e-30,0.0004936971843418942,1.1562937787707183e-05,4.716408413754359e-11
AATTACTCGTACGCTC-1,0.1712752899457881,0.3104575933570236,0.0014422612674346226,2.335338041294213e-29,0.5168242208092988,6.34620338670895e-07,1.160686545904905e-13
AATTAGCGCTGCAGCG-1,0.00010848195216056814,1.9037726343477562e-07,0.9981234094582313,2.739391566236382e-28,3.634556089962014e-05,0.0017315327352310388,3.991621402530389e-08
AATTCATAAGGGATCT-1,0.0009980240151565062,2.687952225433124e-05,0.0011635696711974548,7.167952341683055e-34,0.9978095899251677,1.9368662234424964e-06,3.966438427994188e-16
AATTCATTGTCATGCA-1,1.0753150710984536e-33,1.1750446572417486e-32,8.55728669097085e-25,0.9998905060564398,7.416191688102284e-29,5.403009001596771e-27,0.00010949394356021105
AATTCCAAGCATGTAC-1,0.033710668328718205,2.1782572250332267e-05,0.9638105879785344,9.531177329810263e-30,0.002190171639838807,0.0002667893332359938,1.4742236226244637e-10
AATTCGATTCGAGGAT-1,0.0003791794919229388,4.3477619865070427e-07,0.9970686573029645,1.5283241783937414e-27,0.002078076287965364,0.0004736512257254034,9.152230289453591e-10
AATTCTAGAGTTAGGC-1,2.1263345780701637e-06,1.4728905590735376e-11,0.9873728326293715,3.981956725954954e-26,1.674742170319084e-05,0.01260787905980819,4.1453981009263195e-07
AATTGAACGCTCTGGT-1,0.00016099994196118513,1.3441864878349622e-09,0.920034265523703,2.6082583681181087e-27,0.07979308301374755,1.1649903922659652e-05,2.724791493645856e-10
AATTGCAGCAATCGAC-1,0.9982122716891592,9.020296352806493e-06,0.001536988191530132,1.912569744614933e-37,0.00024140386391365863,3.159590439810144e-07,1.2494660263287017e-18
AATTGCGTGGATTACA-1,2.5283643272174363e-34,7.506215349320474e-32,1.290578295945398e-29,0.9999999864581857,2.3428485567141482e-31,3.091141131986167e-29,1.3541814476419938e-08
AATTTGGGACATAGTA-1,0.884890841108963,2.725280801914469e-05,0.0006760047323965951,2.2010330933231276e-38,0.11440520070802668,7.006425948069962e-07,3.838061209860961e-18
AATTTGGTTCCAAAGA-1,0.0018786249789911628,6.184730410891673e-06,0.012190944686307723,2.530236026763211e-33,0.9857945226037282,0.00012972300054168857,2.0160372059509365e-14
ACAAACCATGCGTCCT-1,1.0406844034614351e-28,3.465464611031844e-29,4.830353739408283e-22,0.9999688855042714,3.449821864490522e-26,1.245565030591798e-26,3.111449572864973e-05
ACAAACCGACAAGGCG-1,0.6731840702747273,0.32519729799087077,0.0015978125602917415,2.2251302556925586e-31,1.9175497990267128e-05,1.6436760730613198e-06,4.6880088805835224e-14
ACAAAGCATGACCTAG-1,0.9282114902466724,0.00014066006427018994,0.06918916937109881,5.740174488710764e-32,0.0024563246843434705,2.355633581256196e-06,3.410493191453465e-14
ACAAATCGCACCGAAT-1,1.2825461820422397e-05,1.6689594975144662e-09,0.9952996818430705,5.249933219815973e-28,0.000700504406847927,0.003986986444532399,1.747691470837333e-10
