,0,1,2,3,4,5,6
AAACAAGTATCTCCCA-1,2.3656926121340227e-12,0.05843745262378478,4.6745101074968435e-29,9.560413652229072e-15,0.9414710991128479,9.142315903718493e-05,2.510195505154698e-08
AAACAATCTACTAGCA-1,2.6581248137624695e-06,0.46831219582764017,5.312055406919237e-36,1.4468582524898733e-16,0.5216781431779666,0.010003285612288948,3.7172572905157535e-06
AAACACCAATAACTGC-1,1.1145694088898926e-48,1.258938665481463e-49,0.9999999999999816,1.8320744818365754e-14,1.9610170987912228e-47,5.2787357632411574e-42,1.4980377974493035e-52
AAACAGAGCGACTCCT-1,2.2830243067891347e-12,0.051398380351455164,2.134154553328238e-36,7.718385126084957e-18,0.9483514194378162,0.0002497558535282648,4.443549172260324e-07
AAACAGGGTCTATATT-1,2.1139707220953093e-06,0.0001008032978788573,3.26952814108305e-17,7.439178573106768e-05,0.002438239973834535,0.997384391569614,5.9402219456839086e-08
AAACATTTCCCGGATT-1,1.0059310904488574e-08,0.008891500243198796,9.833963763146543e-34,9.584215222822198e-16,0.9877071221199475,0.0034011498480151095,2.1772952682609925e-07
AAACCCGAACGAAATC-1,1.7774389593828056e-10,0.98874477798713,3.529266223442466e-36,2.071898994931219e-16,0.011065457512503308,0.00014915696073056244,4.060736189218698e-05
AAACCGGGTAGGTACC-1,1.0919166783948558e-09,0.0007639855783311678,7.642460616357443e-24,4.4076334740424796e-08,0.01013296223857263,0.9891030063733022,6.415424865285647e-10
AAACCGTTCGTCCAGG-1,1.0723735436094126e-37,2.3415166782843782e-38,0.9999999124017497,8.759825025435265e-08,3.1597767695370806e-34,8.55066294096423e-31,6.80102115598435e-37
AAACCTAAGCAGCCGG-1,4.542329112669766e-11,0.00014085900472860112,9.940228713450683e-35,1.3198314162726028e-15,0.987581266164095,0.01227787477694998,8.801836813518747e-12
AAACCTCATGAAGTTG-1,3.977321474842458e-13,7.512704747549211e-05,2.441657232547984e-38,1.5556817895204586e-18,0.9996821372588452,0.00024273567748493222,1.579654188703794e-11
AAACGAAGAACATACC-1,1.2140821040789466e-12,0.9999660563937763,2.5045158875034137e-36,3.06437048080942e-19,3.236973030944238e-05,1.516419847273873e-06,5.745485273936226e-08
AAACGAGACGGTTGAT-1,1.0370910218167874e-09,0.004786042004001194,2.027467187242088e-24,1.9964022128527045e-08,0.04524947277449764,0.9499644414032037,2.281718444794491e-08
AAACGGGCGTACGGGT-1,2.555718717355911e-13,5.125400962564603e-05,2.3298797496653508e-36,1.6704582950241617e-18,0.9998220573457424,0.00012668864394385778,4.3246990324186286e-13
AAACGGTTGCGAACTG-1,8.44831109156947e-06,5.393918194340469e-05,1.5568670093883483e-23,5.525991978774344e-07,0.0013784559001400701,0.9985581308245285,4.731830986031429e-07
AAACTCGGTTCGCAAT-1,0.00015925371504965248,0.0014394901158800695,4.9276140014422844e-32,6.941615835106395e-13,0.07041148230139453,0.9279897725672097,1.2997717283009175e-09
AAACTCGTGATATAAG-1,7.046609584446289e-13,0.996139424861654,2.91841143502787e-36,8.224832705557845e-18,0.0037739684430305683,8.594480009259229e-05,6.618945180944212e-07
AAACTGCTGGCTCCAA-1,0.07846630245646888,9.47695459056813e-07,2.7799266152196503e-27,1.509798632146344e-08,5.223510326274073e-06,0.9215275111537107,8.604869191017556e-11
AAACTTAATTGCACGC-1,2.185655634549002e-42,2.1734801619957167e-43,0.9999999999565969,4.34030981962637e-11,2.7548402930944248e-42,6.89822044887451e-37,1.5762158507280376e-42
AAACTTGCAAACGTAT-1,2.749582611163551e-07,0.030470769054494962,1.003824961107958e-28,3.177667652054384e-10,0.0002978231165943994,0.9566486322616505,0.012582500291232219
AAAGACATGAAGTTTA-1,1.9672761272612552e-14,0.9921944100673533,1.3698160789360389e-30,8.52805315139007e-15,0.007245154770819466,1.3028718892152971e-05,0.0005474064429070049
AAAGACCCAAGTCGCG-1,1.7791672865410207e-09,0.8639663999821359,2.387305020689894e-34,2.5060230122305897e-16,0.1356807656759945,0.00024101743794674102,0.00011181512475549662
AAAGACTGGGCGCTTT-1,3.836071748078728e-08,0.0691688010528961,1.63170717361114e-35,5.702453313552801e-17,0.9280738286304163,0.00275733078383259,1.1721374048863958e-09
AAAGGCCCTATAATAC-1,1.0039889050665973e-39,2.174243734188649e-40,0.9999999995679301,4.320699991995461e-10,3.544302712518412e-38,1.5655713551338293e-33,2.0744381213237418e-41
AAAGGCTACGGACCAT-1,7.519795279829255e-22,1.880326758369634e-19,0.0402136652058664,0.959786334793997,7.29108079683078e-19,1.3652709444779797e-13,1.9569859622576227e-20
AAAGGCTCTCGCGCCG-1,1.9022373252560234e-16,1.7183538364212255e-12,4.602235685883044e-09,0.9999996227106622,1.1057020556421855e-10,3.7257481349251244e-07,3.7326057737565507e-17
AAAGGGATGTAGCAAG-1,2.15062289368858e-06,0.028422420853883155,1.064139217002426e-29,2.376187223499999e-11,0.897587038023584,0.0583293843972053,0.015659006078671957
AAAGGGCAGCTTGAAT-1,2.6239343826923896e-10,0.009742699746224841,2.3088448882684135e-34,1.0382892920105805e-15,0.9891112737072151,0.001146025960598817,3.2356668974879434e-10
AAAGGTAAGCTGTACC-1,7.268809776798831e-13,0.16899099761228997,9.863037521631328e-29,1.2525894600329545e-12,0.06418481789854168,0.0001431666800419688,0.7666810178071468
AAAGTAGCATTGCTCA-1,1.8527170533327516e-39,2.427722743776428e-42,0.9999999897224693,1.0277530637332455e-08,2.7465431144488314e-38,2.635790114275121e-32,6.310048024040023e-44
AAAGTCACTGATGTAA-1,6.942385734488148e-15,0.9638465447144412,2.325182287210482e-35,7.079958748144834e-18,0.036142008205665294,1.13085671412196e-05,1.3851274563247425e-07
AAAGTCGACCCTCAGT-1,5.979163178653943e-13,0.005085612296159626,8.145903581916095e-35,1.7955402175315437e-15,0.993688401578456,0.0012257111111330548,2.750136516639884e-07
AAAGTGTGATTTATCT-1,1.3164875947018875e-11,0.0011162673777585924,3.744024237612255e-35,2.5775377452733216e-16,0.9978701181578402,0.0010135558982777963,5.855295806482301e-08
AAAGTTGACTCCCGTA-1,3.798391052686559e-09,0.20670185144284714,6.214448489992558e-29,8.338557632319974e-12,0.763228943462918,0.030068074701574424,1.1265859306356181e-06
AAATAACCATACGGGA-1,5.755165318697967e-13,0.0001086321217561867,1.231820453006088e-38,5.4554710080113525e-19,0.9996786929541776,0.0002126749201788848,3.311758317742236e-12
AAATAAGGTAGTGCCC-1,7.338623931928797e-14,0.6107457984729674,2.165588300588441e-34,2.0346043483879445e-17,0.3891785127813879,7.566680170206371e-05,2.194386946624939e-08
AAATACCTATAAGCAT-1,3.6149863332662625e-05,4.701633719393148e-06,1.3855693686591081e-21,2.4106676927227193e-05,1.821521174706433e-05,0.9999168247053646,1.908908937639039e-09
AAATAGCTTAGACTTT-1,3.8820610113606114e-11,0.01814996431723017,5.5667180531907945e-34,6.909495486058351e-16,0.9794530708313459,0.002396964015496968,7.971055980431559e-10
AAATAGGGTGCTATTG-1,3.5447170085139245e-06,0.004978614970413195,6.819612489337634e-32,4.470951930316231e-13,0.726621518060477,0.2683959166167837,4.056348705554798e-07
AAATCCGATACACGCC-1,9.825329616439702e-11,0.05731411458248057,2.4817928192865915e-36,2.520548429168488e-17,0.9397873204509664,0.0028985631340844365,1.7342154007144024e-09
AAATCGTGTACCACAA-1,1.4697173245052727e-14,8.551568921739832e-16,2.4471587263257277e-07,0.9999997177925927,6.144096974672491e-14,3.749145765884444e-08,1.013401990042567e-18
AAATCTAGCCCTGCTA-1,6.242906402361645e-13,0.01669256119854265,1.732362924431996e-32,2.979420464211181e-15,0.9828212790280906,0.0004644749671257472,2.1684805613831942e-05
AAATGATTCGATCAGC-1,1.809641938144004e-10,0.9885235055087106,2.2007366220680612e-32,6.647529354306635e-16,0.011446831087177863,1.4761479811110099e-05,1.490174333569208e-05
AAATGCTCGTTACGTT-1,1.9939640971203113e-13,0.9997603245813985,7.428926658289702e-33,3.512681774633179e-17,0.00022747661349850295,6.984269264166847e-07,1.1500377977280988e-05
AAATGGCATGTCTTGT-1,4.0519758466083026e-10,0.011107990861501667,5.155839990883435e-35,4.85585056472877e-16,0.9764452233154729,0.012446785379289534,3.85378076228811e-11
AAATGGCCCGTGCCCT-1,1.930875690594698e-08,6.75067808256257e-10,1.1599282420396794e-11,0.9564635055871168,5.387899881661379e-08,0.04353642053841233,4.808456813174755e-14
AAATGGTCAATGTGCC-1,2.7392485426782505e-10,0.0008240741082192297,3.025832382567061e-26,6.216176797732447e-10,0.4183892476501264,0.5807866773067174,3.939436112071302e-11
AAATTAACGGGTAGCT-1,1.3829650683189901e-06,0.004528901311195189,1.8437544322629576e-29,5.0887080452856686e-11,0.0757692489428106,0.9197004627775153,3.952523558142242e-09
AAATTACACGACTCTG-1,4.563964118941474e-13,0.01358124811137577,9.589332541122656e-30,4.574359229097894e-14,0.9861286792423777,0.00029004962846233714,2.3017282155186846e-08
AAATTACCTATCGATG-1,5.795193423237903e-12,0.0004057949804560244,7.960193187397376e-35,8.950490510711609e-18,0.9995851814718665,9.023382161195631e-06,1.5972097109926177e-10
AAATTCCAGGTCCAAA-1,8.874789184263432e-09,0.8054633148431478,4.1514072056056186e-36,6.28163227466911e-17,0.18416729260643416,0.010369376415422491,7.260206285552601e-09
AAATTGATAGTCCTTT-1,1.0215268227369487e-23,5.899505392115e-28,0.999555781337423,0.000444218662577016,3.362397127477984e-27,2.2271559667060683e-21,4.623999258836375e-29
AAATTGCGGCGGTTCT-1,2.2558781930207657e-06,0.29419183747360605,6.44899619994638e-33,2.4735998816548427e-15,0.7017414446338156,0.004064077744433395,3.842699493713399e-07
AAATTTACCGAAATCC-1,7.495253592050931e-13,0.9969830062715404,1.5911352971755143e-33,3.816980061355202e-17,0.0015544552545394953,5.722603091037595e-06,0.0014568158700795425
AAATTTGCGGGTGTGG-1,6.074787424957444e-26,3.7458498333077606e-26,0.9984095872160802,0.0015904127839198273,2.9574644102328455e-23,1.4115348291021555e-18,1.890712084445284e-31
AACAACTGGTAGTTGC-1,1.1676006587620692e-09,0.004374985899597912,1.1500309920984703e-32,4.894163498723922e-14,0.7673860261406213,0.22823898674142937,5.0701878195017887e-11
AACAATACATTGTCGA-1,2.2179335009727046e-30,1.097009053074031e-30,0.999986246980941,1.3753019059141318e-05,1.7275660481648337e-29,1.609136200599025e-25,3.753626945279024e-32
AACAATTACTCTACGC-1,1.4456658498869293e-09,0.018130210104498914,5.302285880837845e-37,5.848123430229535e-18,0.9813483815308689,0.0005210330391622269,3.7387980409994977e-07
AACACACGCTCGCCGC-1,3.2767107732710784e-10,0.0017708626404745634,2.075326372570398e-33,2.1074029802729133e-15,0.9963892819884163,0.0018398547677320805,2.757040464191666e-10
AACACGACTGTACTGA-1,1.6421019739149667e-13,0.9861214909965811,5.789336924937266e-33,1.681856956184271e-15,0.013728800559525363,0.00011483812521591571,3.48703185117799e-05
AACACGAGACGCGGCC-1,3.997675267842357e-05,2.2599005645619028e-05,1.342536140073057e-24,1.7116650013711941e-07,5.8281690473236285e-05,0.9998789713223817,6.232111214490573e-11
AACACGCGGCCGCGAA-1,1.7833298853703277e-06,0.7948646769067084,2.383891464308119e-27,3.661963198389191e-10,0.007818548206306886,0.1943402411629789,0.0029747500279240662
AACAGCTGTGTGGCAA-1,3.352005706128078e-30,1.938012217238447e-34,0.9999912318951981,8.768104801931088e-06,7.420500964908091e-31,1.1182052179404943e-25,3.21365527961577e-36
AACAGGAAATCGAATA-1,1.422359231220375e-14,0.005888754707999696,6.93455500892328e-36,1.4268176189552137e-18,0.9941055746108017,5.664270038895863e-06,6.411145444768657e-09
AACAGGATGGGCCGCG-1,1.8688625235515436e-07,0.00026958712773651457,3.366062225123578e-30,3.302117275499134e-13,0.9726668597639164,0.02706336429124109,1.9305234789028486e-09
AACAGGTAGTATGGAT-1,1.8545451368919306e-12,0.47448597382956587,1.4252022963267625e-31,6.52192651183663e-15,0.5248783216192902,0.0006335962268010139,2.1083224817627264e-06
AACATATCAACTGGTG-1,2.883706394578344e-12,0.006126048466062912,1.869957490163288e-32,2.6342446182820435e-15,0.9933210568183923,0.0005523392755141331,5.554371443189714e-07
AACATCGATACGTCTA-1,3.297949801449711e-16,0.0026907698936465226,1.6203672782902985e-30,9.096011993088646e-17,1.4753953967238556e-07,1.2453746657705328e-10,0.997309082442276
AACATTGAAGTTGATC-1,2.2392233623911975e-22,1.202425971185267e-19,0.0042062345567916515,0.9957937654430493,4.830381999356842e-17,1.5907847760999042e-13,1.2162192568023008e-21
AACATTGTGACTCGAG-1,1.493713058457157e-17,3.159779964561558e-17,0.00042059490184563554,0.9995794049648248,1.6270045093542307e-14,1.3331338292834165e-10,1.6564346751926853e-19
AACCAAGACTTCTCTG-1,4.2476325278667385e-09,0.0011578877787419436,1.2406333537873505e-31,4.164030764734478e-14,0.986597179247021,0.012244928645986697,8.057620097568361e-11
AACCAGTATCACTCTT-1,1.1131926399959135e-11,0.9971559154666289,4.48801027002528e-27,1.2718296527620265e-13,0.0024288393493341015,8.548775228617593e-06,0.0004066963975493203
AACCATAGGGTTGAAC-1,3.219246206982754e-36,3.1536081227270377e-39,0.9999999934624619,6.537538112458312e-09,6.74102325136087e-38,2.7759170689598684e-31,1.068329840712739e-40
AACCATGGGATCGCTA-1,2.1024495492702235e-14,0.9998851515241459,3.330621358743898e-36,4.103612083390842e-19,0.00010668620845068629,7.52861045345241e-07,7.409406337028245e-06
AACCCAGAGACGGAGA-1,1.863488405923963e-14,0.12269225579523478,1.4272616441659031e-37,8.046768139955508e-18,0.8759174231256394,0.00013367244218701654,0.0012566486369202513
AACCCATCCCATGATC-1,8.229557997321802e-37,2.4037486795198573e-37,0.9999999478436431,5.215635700658177e-08,3.149333498615237e-34,1.0350853612075716e-29,5.2417277346564154e-40
AACCCGACAACCCGTG-1,1.0099358086398743e-33,5.512950788646984e-37,0.9999987108992203,1.2891007796265175e-06,7.937282161670904e-34,2.191174133864382e-28,1.2903798323077583e-37
AACCCGAGCAGAATCG-1,1.1214161454333943e-10,0.9266123500114094,1.110833823240972e-33,2.7293022134006804e-15,0.0697556795761794,0.003544512896683542,8.74574035832683e-05
AACCCTACTGTCAATA-1,2.8855005905614144e-10,0.0019139946523451428,8.907922430031231e-33,2.6470757175701763e-15,0.9955898312671386,0.0024961717497683634,2.042195100200295e-09
AACCCTGGTGGAACCA-1,1.7990262976120551e-12,0.2467948845273582,7.721056905267642e-36,9.951704547794404e-19,0.7532004121686915,4.644341268966689e-06,5.8960882359967995e-08
AACCGAGCTTGGTCAT-1,7.489108391008287e-08,0.0002965611317601856,3.803618841850932e-30,9.022837630080323e-13,0.9739877157362935,0.025715648165133453,7.482657854896966e-11
AACCGCTAAGGGATGC-1,1.3042097226001364e-13,0.0011490036083446095,1.288373218945334e-32,1.0697580940304413e-14,0.9982950863741298,0.0005559087566428307,1.2607418262055695e-09
AACCGTTGTGTTTGCT-1,3.531720810856614e-10,0.6256802461526418,2.5113468947903256e-37,2.303745167624105e-19,0.3742249031464051,9.467630845455834e-05,1.740393263667844e-07
AACCTAAAGCCGTCCG-1,3.6828441442576476e-16,8.339143023196159e-05,3.1257542884660913e-37,4.444442458661064e-19,2.895865611876324e-08,3.3533582182567585e-10,0.9999165792757758
AACCTCGCTTTAGCCC-1,3.3943306453082635e-10,0.0003968280116763069,3.472913885193962e-29,5.088334193573344e-13,0.9910262800816242,0.008576891542768073,2.3989623506321755e-11
AACCTGTCACGGAATT-1,7.49483013972614e-10,0.8655567166678431,4.490526065003809e-39,7.369312936799444e-19,0.12788834496830156,0.006552636238939726,2.3013754325667823e-06
AACCTTTAAATACGGT-1,1.9744222167806477e-08,0.0003724341034494299,1.511153509695527e-21,1.4154369786818119e-06,0.0070687821683736605,0.9925573328978856,1.5649090574775725e-08
AACCTTTACGACGTCT-1,2.5374455471156653e-12,0.0001675618906797848,2.8654986149169156e-37,5.152561094063436e-19,0.999783183655965,4.925444985157949e-05,9.660268756472162e-13
AACGATAATGCCGTAG-1,1.1197944069155058e-07,4.967870875021835e-05,6.927469989341584e-26,4.00905270524156e-09,0.03462364797969373,0.9653265566181273,7.049353306288835e-10
AACGATAGAAGGGCCG-1,1.2903033381323167e-09,0.6415504774416501,7.584886465216118e-36,2.7845121059350176e-17,0.3550889820261418,0.0033399765592023994,2.0562682702235653e-05
AACGATATGTCAACTG-1,5.7388762498579947e-08,0.00015585888730562008,1.799796164542177e-32,1.6981736630975216e-13,0.9728976318883583,0.026946380957310615,7.087809328017261e-08
AACGCATGATCTGGGT-1,1.4602564920197677e-11,0.06109262338107217,9.079096016271216e-37,3.9044408590451474e-17,0.9356853665339848,0.003222009867454588,2.0288581245479837e-10
AACGCGAACGGCAACA-1,1.3545612644355185e-06,0.6579283401785622,6.948728028596378e-29,1.7463418562938004e-11,0.19644619515462075,0.145571367587094,5.2742500995301754e-05
AACGCGACCTTGGGCG-1,5.0225531249983535e-11,9.22931002661027e-12,1.0839265678015089e-07,0.9999998383878305,9.363175865204552e-13,5.315681949021241e-08,2.3022396164930814e-12
AACGCGGTCTCCAGCC-1,2.3684756582344245e-10,0.0012790282638317268,1.2951742153788956e-36,2.0764669859262165e-18,0.9983116914813817,0.0004092799983745924,1.9564436361043147e-11
AACGCTGTTGCTGAAA-1,2.9979820567607375e-13,0.003909754547451135,2.461707629567481e-40,5.020231352516715e-20,0.996061225617201,2.9014750066840354e-05,5.084981172518115e-09
AACGGACGTACGTATA-1,2.969029710295295e-12,0.00017683830747954903,3.0983228224175595e-37,4.425328767326773e-18,0.9994834076076065,0.00033975408177594864,1.6901970607341353e-13
AACGGCCATCTCCGGT-1,5.916756894401751e-32,3.303527956007204e-33,0.9999994043113085,5.956886915120969e-07,1.0338157019205308e-30,1.6128561761698848e-25,1.3966244634510995e-33
AACGTACTGTGGGTAC-1,2.7552700917182805e-45,1.968113930044555e-45,0.999999999999674,3.258976023804629e-13,2.891327665661861e-45,3.66813686796216e-40,6.843121879508171e-46
AACGTAGTCTACCCAT-1,1.4294249490721574e-10,0.8359775091373683,1.1424793593676541e-30,9.044921811902736e-15,0.16370939211626126,0.00024656910095733253,6.652950246132468e-05
AACGTCAGACTAGTGG-1,2.984309078608916e-12,0.010809520591617305,2.2116703336642708e-41,7.71715194872909e-21,0.9891553485449318,3.507156840463744e-05,5.929206204147548e-08
AACGTGATGAAGGACA-1,5.128003602350697e-12,0.24191220404820507,2.512370605452197e-32,1.1394418330158942e-15,0.7569732840279009,0.0011145030666896687,8.852075399365423e-09
AACGTGCGAAAGTCTC-1,1.1357465869696189e-08,0.0019426838454743862,4.3828633364803195e-33,1.078170064416634e-13,0.6000567264749699,0.3980005778843202,4.376618369654795e-10
AACTACCCGTTTGTCA-1,7.874753105152415e-10,0.22236884076456034,5.224072774693477e-34,1.1919895849792594e-15,0.757766136459664,0.019865000946806325,2.1041493093337602e-08
AACTAGGCTTGGGTGT-1,5.74413632011504e-11,1.561963984386984e-06,2.0096516565721363e-11,0.9909619183657645,2.6703226067856533e-06,0.009033788056199754,6.121390656365963e-08
AACTCAAGTTAATTGC-1,0.08036163627663595,0.006103471430129533,1.4148247665878416e-33,3.5988330610386557e-14,0.489207934743985,0.4243269554099472,2.1392664203462603e-09
AACTCCAGAGCGTGTT-1,2.9210546504148034e-12,0.0004351796852403904,3.706454842833056e-36,6.193994851867237e-17,0.998921977332574,0.0006428429539512859,2.531297781749156e-11
AACTCCTAATCCCATG-1,1.6349844611488034e-10,0.09952032699074458,5.668469697266745e-33,5.836492769163608e-14,0.8836522994332899,0.016827116849836645,2.565625720478442e-07
AACTCGATGGCGCAGT-1,0.9998352590873557,0.0001486712074288537,4.840356263362595e-27,3.0091352047801337e-12,6.527020150469085e-08,1.439220147488002e-05,1.6122305300523322e-06
AACTCTCAATAGAGCG-1,6.176470080266586e-12,7.40049260351355e-05,1.9900862895352016e-35,1.0118592479767351e-16,0.9989697853206513,0.0009562097455679399,1.5690465233805608e-12
AACTCTCAGTGTGCTC-1,8.688251636117768e-23,4.401603315276668e-23,0.003420032788640968,0.9965799672111428,1.2760320612098375e-19,2.1623276143629542e-13,9.755515701781724e-28
AACTGATATTAGGCCT-1,8.59204449625646e-14,0.0013208671237652408,7.573632986049175e-35,4.791803524527299e-17,0.9984714859396805,0.00020764555933714977,1.3771311467053174e-09
AACTGGGTCCCGACGT-1,2.762063576767969e-12,0.0036966050499337853,6.962811759700508e-27,3.230911128963345e-11,0.9872287470650364,0.009073801461524077,8.463884346610829e-07
AACTGGGTTCGAGCCG-1,3.2428028461553214e-11,0.9995564556535617,8.707909700921428e-38,4.649202605836348e-19,0.0004305087661471631,9.883418734958393e-06,3.1521291279761675e-06
AACTGGTGTGGGCCTT-1,2.0226968307831504e-09,0.00096399246767213,7.525645041558499e-32,8.578322420577256e-17,1.8042185075570176e-05,4.875210238784359e-08,0.999017914572453
AACTTCTGCGTCTATC-1,6.2902784039376186e-15,0.9999810350428181,7.945761480196287e-39,1.5485124060470552e-22,1.8957677710074784e-05,5.303814381360094e-09,1.9756512202528583e-09
AACTTGCCCGTATGCA-1,6.269351962855941e-10,0.00128437346440732,9.864161976176921e-36,3.522800886243056e-17,0.9983024775262553,0.0004116500117852301,1.4983706168923224e-06
AACTTGCGTTCTCGCG-1,1.2145381710493048e-12,0.003723561371332816,1.8215514092690116e-29,9.619496233579859e-16,2.871997112399684e-07,1.2898640618523639e-09,0.9962761501378764
AAGAAGGATCAGTTAG-1,5.652572075464301e-19,1.242158095255266e-06,1.860261983766214e-35,1.9715332563946808e-19,9.7646270504119e-12,1.0646642812175044e-12,0.9999987578310754
AAGACCCAACTGAACA-1,8.417996888356423e-19,1.0671836163169482e-16,0.0003711893295084289,0.9996288106054935,1.2801945608940815e-14,6.498509971958929e-11,1.8058165086445864e-19
AAGACTAACCCGTTGT-1,4.158486168055646e-07,0.9986847754389465,3.1845240577491535e-34,2.4402870907571875e-17,0.0011927254089502512,6.075026725632199e-05,6.133303623015248e-05
AAGACTCACGCCCACT-1,5.601217937912296e-12,0.008358919181234657,3.209382283093098e-34,1.8531944891927378e-17,3.2169637938168524e-06,1.3784832001993107e-08,0.9916378500645382
AAGACTGCAAGCTACT-1,0.9999617243188037,1.213501182764332e-10,2.055392798456816e-33,2.735962699380742e-16,1.015810220139566e-08,3.826540172804632e-05,1.580976138948277e-14
AAGAGATGAATCGGTA-1,6.270043709935887e-13,0.0018916472185702051,1.7479710304791408e-31,4.14978244292714e-16,0.998091801034413,1.6551251141408872e-05,4.952480214657487e-10
AAGAGCTCTTTATCGG-1,2.835260269608255e-10,0.0026480202438827973,1.9980700852549205e-34,1.1569216661152434e-15,0.9879482678204765,0.009403711591500984,6.061234911071786e-11
AAGAGGATGTACGCGA-1,1.7141179863378268e-05,0.0011519660778357371,5.2714390834230394e-30,5.488995278124308e-12,0.22186878406118624,0.7769620983019628,1.0373662853229737e-08
AAGAGGCATGGATCGC-1,4.401254861723726e-08,0.0005620112094146173,1.20854997279234e-29,2.8198494684197865e-11,0.014361937585546046,0.9850760071502084,1.4083942501204544e-11
AAGAGGCCCTTTGGAA-1,2.931514872418915e-14,0.6114965629243934,1.1961908894574854e-34,9.652965230831781e-17,0.3884119280827337,7.940425988920433e-05,1.2104732954182151e-05
AAGATGGCACCGGACC-1,2.5781952003895875e-27,1.9363696628852245e-26,0.9702769673661111,0.029723032633888872,2.846216295149511e-24,3.911135893299479e-18,7.181192562850196e-29
AAGATTGGCGGAACGT-1,1.4243890984893932e-12,0.0011479328002283698,1.0851594385140127e-35,6.938481706831235e-18,0.9987758041186533,7.626307589220628e-05,3.801521644266155e-12
AAGCACCCTGCGTATC-1,4.868468100954892e-08,0.005481905755613115,6.368832181910084e-30,1.097601625527535e-11,0.09844787582373872,0.8960701676695474,2.0554437483510246e-09
AAGCATACTCTCCTGA-1,2.2743785426568408e-05,6.638761509782905e-05,3.688161036980408e-27,3.308149815322647e-10,0.1955107137819479,0.8044001543846951,1.0201749819575317e-10
AAGCCGAAGCGGTTTA-1,7.944570493212901e-11,0.009305372342464558,9.711836678154543e-35,2.8423696165488297e-16,0.9892017135038331,0.0014922934890455985,6.205852107579082e-07
AAGCCGCCGTGAAATC-1,2.4833973379222103e-22,3.3316742662641513e-21,0.8264370354088215,0.17356296459117848,1.0398364385958256e-20,4.42717117611937e-17,1.0502480792263151e-17
AAGCGCAGGGCTTTGA-1,1.7233245493309666e-06,5.241301744068585e-05,1.3202265695091747e-17,0.0009963720739624303,0.00013505973725351015,0.9988143950048395,3.684195471227898e-08
AAGCGGCGTCATGGGT-1,1.0771218985199281e-10,0.9949332347648387,5.422654571074035e-35,1.7353842481122347e-18,0.0021595767954878495,4.989709152990587e-07,0.002906689361045952
AAGCGTCCCTCATCGA-1,3.944794786166727e-10,1.2406409384337523e-11,9.025292317778939e-08,0.9999974356125767,6.077647495571227e-12,2.4737215362586812e-06,3.7747131709906974e-16
AAGCTAGATCGAGTAA-1,2.762185042801031e-09,0.020818764488557587,7.036677888266567e-28,5.295248536277174e-10,0.06213346349187397,0.917047709083353,5.964450555564413e-08
AAGCTCGTGCCAAGTC-1,5.605832887010198e-08,3.44928779328318e-05,8.204238348987974e-26,3.2474152435545053e-09,0.013391609975424781,0.9865738378380595,2.8388817169648575e-12
AAGCTCTTTCATGGTG-1,2.5813532879474625e-09,2.1777317119581566e-05,5.817713684864118e-37,7.127211261851341e-17,0.996003437793054,0.003974782308150928,3.2194440720791015e-13
AAGGAGCGGTTGGTGC-1,5.279394037975079e-09,5.771819357086533e-05,6.139823233466198e-25,4.455828536234562e-10,0.9836700032360898,0.016272272024748558,8.206139353748839e-10
AAGGATCGATCGCTTG-1,3.4030405513338124e-10,0.002151276009540543,1.1838958697344077e-33,3.900849527911898e-16,0.9976007349693061,0.00024798375186209555,4.9289869192812085e-09
AAGGATGAGGGACCTC-1,5.159581491605227e-10,0.007359082931663948,1.0266569478231335e-27,2.8246204438867366e-12,0.9752272493625755,0.01741366640772297,7.792547636009027e-10
AAGGCAGGCTGTCTCC-1,5.80736970333887e-12,0.9524734568545271,4.299557855121851e-36,5.2877890765148344e-17,0.047234918175283976,0.0002736232480726311,1.8001716308925524e-05
AAGGCGCGTAAAGCTT-1,1.5591655537183059e-13,0.00016086748828234376,1.3950430495702844e-31,3.099210869183071e-15,0.9996869552748419,0.00015216981550097037,7.421215735083142e-09
AAGGCTGTGCTCATCG-1,1.2442741707109944e-10,0.0013827387452288666,5.008295173030272e-24,8.4790260443345e-09,0.8637217915307925,0.1348953681912969,9.292922813618662e-08
AAGGGAACGACTGGCT-1,5.4407208325044145e-33,8.640973136320024e-36,0.9999997457645728,2.5423542715940304e-07,1.5442300430976109e-34,5.184061122484674e-29,3.357683401611223e-37
AAGGGACAGATTCTGT-1,1.0497385154482513e-09,0.015700984732291572,3.7614301984002216e-34,6.577912944498147e-16,0.9825318335470523,0.001767179747279047,9.23638053069701e-10
AAGGGACTATGCATTC-1,2.036736211909544e-33,5.9419536961124895e-37,0.9999998571395252,1.4286047486907536e-07,4.579496291124573e-36,6.259482315088525e-29,4.418327034588871e-37
AAGGTATCCTAATATA-1,6.794748165674205e-14,2.0351642991347766e-05,7.839488790413337e-29,1.105707797196601e-12,0.9994366663861983,0.0005429819422115656,2.742530954783113e-11
AAGGTGATAAACCAGC-1,2.389162712182944e-10,0.00539142498112002,6.6235416489099644e-37,7.771540527827332e-17,0.9806448234344715,0.013963744663830858,6.68166136982997e-09
AAGTAAGCTTCCAAAC-1,3.8210067887624183e-10,0.7636224353015378,1.0307738579060434e-28,1.4584720498567056e-11,0.1923093809071258,0.043896603526377524,0.00017157986827342467
AAGTAGAAGACCGGGT-1,3.2127772638422745e-13,0.0002069078597058038,6.941372982497509e-39,3.673780287357223e-20,0.9997822502640219,1.0841455234808417e-05,4.207163065035962e-10
AAGTAGTGACGCGAGG-1,8.705233046740528e-12,0.04606634962575778,8.745182437401973e-32,7.961728463549618e-15,0.953251755479256,0.0006813544299820808,5.40456290942368e-07
AAGTCAATTGTCGTCA-1,1.0661252341567812e-13,0.012192507770027089,8.353832947735995e-33,3.0429316955443197e-16,0.9877482494280072,5.9045422469581435e-05,1.973793892006979e-07
AAGTGACGACCGAATT-1,8.103437970715322e-08,0.0013095472094699105,2.643277212119102e-29,5.276881957049003e-11,0.19476448210675865,0.8039258810472655,8.5493574992439e-09
AAGTGAGTCGGGTTTA-1,6.003754000525197e-18,1.3353887074436817e-19,0.009238720369847696,0.9907612796300767,1.340727932500867e-19,7.56586908680928e-14,2.126590842046516e-18
AAGTGCCTTGACTGTA-1,2.9910452968603294e-13,7.56469593139329e-05,1.9876540579576916e-35,3.339233440808528e-16,0.998549735964292,0.0013746167323125435,3.4378186322617695e-10
AAGTGCGTTAGAATCT-1,4.3592080910602594e-16,1.206950952740154e-14,9.907346423385257e-08,0.9999975788955953,5.104073562825975e-11,2.3219798872848508e-06,1.4942630650751216e-20
AAGTGTTTGGAGACGG-1,1.7707414048963848e-06,0.024006298986510483,3.6415240595419334e-32,4.948589831419646e-13,0.17333684760274387,0.8026550780886579,4.580188120683832e-09
AAGTTCACTCCAAGCT-1,5.165445830595676e-11,0.003513328609276871,4.731809039538942e-36,1.1820779937810764e-15,0.9926505941797856,0.0038360657981636893,1.1361118281338381e-08
AAGTTCAGTCTGCGTA-1,6.182999878170862e-10,0.8709522537604816,5.480165778273174e-36,8.670655177960122e-18,0.08296679999920738,5.698785186368112e-05,0.046023957770147346
AAGTTCGGCCAACAGG-1,1.1434318452625733e-14,1.320805408261499e-17,0.0021633055318859016,0.9978366941107176,5.950805917708054e-14,3.573254489806416e-10,3.0917722406262157e-19
AAGTTTACTAATGGCA-1,2.6227127351461308e-09,0.22306148429038933,2.822718420284502e-37,4.184044050927204e-18,0.0009641357544998099,1.0642683569433773e-05,0.7759637346488286
AAGTTTATGGGCCCAA-1,3.860643926626275e-14,3.821897924670683e-11,9.470870462372155e-08,0.9999996906414366,2.0397296251015206e-11,2.1458453056683254e-07,6.673284406588665e-12
AATAACAACGCTCGGC-1,2.0186023443480587e-12,0.0004731179852299778,1.0316803443476572e-32,1.0247529795747631e-15,0.9993881061266424,0.0001387739298712044,1.9562367841112903e-09
AATAACACTAGAACAA-1,1.2170868712774873e-24,5.667618253958955e-20,0.22001986436605625,0.7799801356339332,2.740989805004225e-19,1.0649509600647184e-14,2.68408612784754e-22
AATAAGTCCTCGAGAC-1,1.346538553381911e-10,0.9978820126673649,3.441707875647534e-38,1.0391947356133377e-18,0.0020616910528387664,4.247053355589444e-05,1.3825611586551964e-05
AATAATCTTCGTATCG-1,2.1481177148379492e-19,2.56193198767905e-05,8.654490262054855e-35,1.3446898511946883e-18,1.1197156227615393e-08,1.0159507780390032e-10,0.999974369381372
AATACAATGTTTCAGG-1,2.6324525185820146e-10,0.9221894265848879,6.600680657670822e-30,1.5459265687856815e-13,0.07241577817522979,0.0053934728270558984,1.3221494264234074e-06
AATACCGGAGGGCTGT-1,3.893259014324712e-50,5.645345148245971e-52,0.9999999999999987,1.273568321779628e-15,2.180028065880134e-50,2.5314580749321123e-45,1.921298725609085e-52
AATAGAACAGAGTGGC-1,6.239520797298053e-14,3.0241591508750414e-12,5.554836613983656e-06,0.9999943299910963,1.355768053576587e-10,1.1503362493498205e-07,1.299425619845482e-15
AATAGAATCTGTTTCA-1,2.0328102708461117e-11,0.00039841347014082793,2.086910412391087e-34,8.970566693416542e-16,0.9970872820657303,0.0025143044355082065,8.291787152577978e-12
AATAGCTACCGCGTGC-1,4.8049214647964484e-09,0.9077651622573417,7.048304587005933e-29,7.314165394836244e-13,0.0866641125391775,0.005530976363857915,3.974403396993342e-05
AATAGTCCGTCCCGAC-1,1.869977478533894e-11,3.224258236196584e-08,1.1631241655695699e-12,0.9959515338305683,3.057634535217175e-06,0.0040453751362919494,1.1361592926032495e-09
AATATCAAGGTCGGAT-1,2.353269119279712e-09,0.0001395502105975645,5.152245294113252e-36,1.1249161139326957e-18,8.857922085264819e-09,1.0874581155151546e-08,0.9998604277036302
AATATCGAATCAATGC-1,1.259707147038181e-12,0.2897160504154054,8.494638808867778e-35,1.1775493840895122e-17,0.7102222562440066,6.126791170804995e-05,4.254276201830725e-07
AATATCGAGGGTTCTC-1,1.1861909100458013e-12,0.00015907647850527988,2.627016583726926e-30,1.7957338947646763e-14,0.9994625662990443,0.0003783571265426701,9.470342722229704e-11
AATATTGGAGTATTGA-1,2.189678742906268e-12,0.0006061569025783975,7.644029550082561e-25,1.0721671022334587e-09,0.9867846094079841,0.012608453793110408,7.788219704948947e-07
AATCAGACTGCAGGAC-1,1.4732287828692863e-06,0.9884265693067473,8.347490132782606e-34,6.601268958005599e-16,0.011198627900597,0.00031938199179895675,5.3947572073432005e-05
AATCATGTAAAGACTC-1,1.56834948940137e-13,0.005773361938546884,1.7526822709542566e-34,3.3757162678425963e-17,0.9941634057863006,6.322058157423486e-05,1.169342145867284e-08
AATCCAAGGGCCTGAG-1,1.11909017355053e-12,0.9848895706665283,5.789151357897022e-36,4.2035401227919674e-18,0.014959815351645008,0.00015051472377708772,9.925693059467676e-08
AATCCATGCAAGGGTG-1,1.2352444059436135e-05,0.898813108088334,4.9065827514425715e-29,2.405248703774101e-11,0.010279923237070342,0.09024523837438872,0.0006493778320948105
AATCGCCTCAGCGCCA-1,1.9580654356932728e-07,3.747965317524188e-05,1.0400472828618554e-26,1.2671124011623554e-09,0.020345204286396516,0.9796171189853343,1.4377830672099718e-12
AATCGCGCAGAGGACT-1,6.9235595294959174e-12,0.05492758565164141,4.820764740056875e-35,5.586794207319587e-16,0.9412473679876094,0.0038250330808909587,1.3272934183331046e-08
AATCGGGACACTACGA-1,1.5307995082958897e-12,0.9968768364512055,4.688837749653829e-33,1.29457303878864e-16,0.0030897002791864976,1.9498862142852344e-05,1.3964405934190598e-05
AATCTAGGTTTACTTG-1,4.96969184001447e-30,9.018380447541533e-31,0.9998615051694025,0.00013849483059751223,3.7135581648555575e-30,4.392169813909696e-24,1.4468782166282714e-26
AATCTATGCCGGAGCC-1,2.6314486502206586e-10,0.27111204746712275,1.441438812329469e-32,1.7550235130055646e-15,0.7281096007747881,0.0007781959772249571,1.5551771753228232e-07
AATCTGCGTTGGGACG-1,9.928536387049364e-11,0.0006129015916880948,2.1857417455095493e-32,6.926192963593953e-15,0.9980167637604935,0.0013703321765756314,2.3719505311570718e-09
AATCTGGCTTTCTAGT-1,1.7978235177963065e-24,2.533448352442072e-28,0.9992477717673409,0.0007522282326589483,3.0802390750201878e-28,7.023291930905828e-22,4.430717359755319e-25
AATCTGGGTAGACCCT-1,1.8157793689044857e-11,0.999844297725465,2.3743276491805315e-35,1.6984135927854153e-18,0.00014583939450154643,4.6962389516786966e-06,5.1666229239301684e-06
AATGACAGCAATGTCT-1,1.272043567530029e-32,3.9981936365576885e-34,0.9999968803545147,3.1196454852726445e-06,2.921408147462554e-32,2.6950341820766363e-26,4.297034764328111e-36
AATGACGTAGGATGTC-1,3.252692118294214e-07,0.0025014287726468245,1.0055785289818961e-32,2.729018096152561e-13,0.05115123386015437,0.9463470117535449,3.4416929860093747e-10
AATGACTGTCAGCCGG-1,3.699837270443373e-13,0.15605834910001257,7.471461504484058e-33,3.0268356113645e-15,0.8437058790835531,0.0002354023517553706,3.694643061972936e-07
AATGAGTTCGCATATG-1,2.1623005122176703e-13,0.10765278151963885,2.5824629405412627e-35,5.5764080946520695e-18,6.99712983619211e-05,3.850434479160182e-07,0.892276862138335
AATGATGATACGCTAT-1,6.962924122981263e-14,0.000451409968391854,1.5583776676358522e-34,5.068958284023762e-18,0.9995372237399912,1.136628416935694e-05,7.377749045416705e-12
AATGATGCGACTCCTG-1,1.5333669240635477e-13,0.03148370073858848,9.318730954020763e-37,1.3799827574603501e-18,0.968481216669992,3.5077859457965954e-05,4.731808299881211e-09
AATGCAACCGGGTACC-1,1.2524699894127417e-10,0.0014248689986430386,3.1770600451926533e-32,1.3524137797305327e-14,0.9943773655461696,0.004197762789377036,2.540549885986753e-09
AATGCACCAAGCAATG-1,1.5741311939978069e-09,0.010266245223128944,2.756963434216502e-33,3.426948769650195e-16,0.9885996833621318,0.0011340697637258579,7.688193767294276e-11
AATGGTCCACCGTTCA-1,9.440215741355517e-05,0.00013927714273388763,5.2400366731900947e-36,2.367620050722494e-15,0.9198905074925422,0.0798757399461156,7.326119245794033e-08
AATGGTTCTCACAAGC-1,4.452605023078766e-13,0.013977541905061536,2.959340490512735e-37,1.023974030019385e-18,0.985991937665045,3.0492030175980745e-05,2.839927253900666e-08
AATGTGCCCGAGGTGT-1,1.636076287619291e-26,2.5016018899628644e-28,0.9996367244256448,0.00036327557435508203,3.338630987424317e-26,1.3188717900685923e-21,1.4602422590639234e-27
AATGTGCTAATCTGAG-1,2.4440603445008076e-25,3.351287363292457e-26,0.9012198604796463,0.09878013952035372,1.3202726987823484e-24,1.0402011022017743e-18,1.2893915263009687e-22
AATTAAAGGTCGGCGT-1,0.999999988649278,8.366189844985133e-16,1.3772985326805825e-30,4.036380137563366e-15,1.1196969756233416e-12,1.1349597440262884e-08,3.833781997734193e-20
AATTAACGGATTTCCA-1,4.546620511493091e-06,0.0001756640327500005,5.513960827863044e-16,0.005410726317184269,5.839942311823468e-05,0.9943506501818307,1.3424604805727113e-08
AATTAGCGCTGCAGCG-1,0.1856494658489148,0.01843052147246795,2.269689624764087e-21,7.03702254286876e-07,0.001836437283436838,0.7940469980096848,3.587368324141274e-05
AATTCATAAGGGATCT-1,2.3794677694460573e-11,0.04621775855700994,7.789073680934028e-32,3.146627304673714e-15,0.9527674605488329,0.0010147799823524899,8.880068430584027e-10
AATTCCAAGCATGTAC-1,1.6280115911278113e-13,1.3531063065035477e-11,2.203030934045404e-05,0.9999779125406079,1.8667031687648162e-11,5.7117596780199704e-08,9.403326623999502e-14
AATTCGATTCGAGGAT-1,1.842210884550448e-08,0.0010930473234920328,8.763012499483337e-16,0.00020979347772604633,0.3458062404162563,0.6528908997063548,6.540611109908446e-10
AATTCTAGAGTTAGGC-1,0.9999998662689685,2.0316472235427722e-13,7.67172154988541e-29,4.391231839149003e-14,5.890558473394363e-13,1.337301952567016e-07,2.8306363460009633e-19
AATTGAACGCTCTGGT-1,1.2801633757068675e-09,0.0028986688540913064,1.5941575120118967e-28,1.9103044391473234e-10,0.46818214318611323,0.5289156182365325,3.5682520689906186e-06
AATTGCAGCAATCGAC-1,2.3202660680067435e-07,0.39458149570708967,9.956085141615818e-28,1.220360455382273e-11,0.5721370314311267,0.03328075298750649,4.878354667520681e-07
AATTGCGTGGATTACA-1,8.034398805569954e-05,4.5024865619214575e-10,5.045681028739412e-05,0.9998680339036539,5.420120048713932e-11,1.1647935187687415e-06,3.445494153741766e-14
AATTTGGGACATAGTA-1,2.0749795748053582e-08,0.04121434406448421,2.063724620673542e-32,4.062884906379763e-16,0.958645195312045,0.0001397998693942534,6.400042803514228e-07
AATTTGGTTCCAAAGA-1,1.2985573946436864e-13,0.006236424794559573,4.819836821774119e-36,1.6198171042982177e-18,0.9937260097967038,3.756540007420767e-05,8.53266587464822e-12
ACAAACCATGCGTCCT-1,2.1048043703401148e-44,3.515046754805409e-44,0.9999999999526337,4.736637032137737e-11,9.073254152083035e-44,3.6933195740176746e-38,1.7987558415384137e-44
ACAAACCGACAAGGCG-1,3.0875551526493923e-18,0.004661224860348766,1.5871410289771784e-38,2.4278575255015766e-20,5.058292943051753e-06,4.390753283581788e-10,0.9953337164076328
ACAAAGCATGACCTAG-1,4.683956477906647e-10,0.0025888891853648064,9.522144420601163e-35,1.7335890705148313e-17,0.9972062907578223,0.000204818384910652,1.203506740736285e-09
ACAAATCGCACCGAAT-1,6.219073145277145e-08,0.0001069556132790149,1.8445509209436353e-37,4.916849901127637e-16,0.5750288638218184,0.4248641183741409,2.9926005709330143e-14
ACAAATGGTAGTGTTT-1,4.3148406099680024e-10,0.0015361420392407627,9.274558839898776e-30,2.577350647483126e-12,0.5301969536454778,0.46826690387999464,1.2254091099908187e-12
ACAAATTCAGATCTGA-1,2.3472306165496415e-14,0.00260971408543004,3.590424341807657e-32,4.336806436327089e-17,1.638590926112331e-05,1.0133108107175534e-07,0.9973737986742042
ACAACAGCATGAGCTA-1,1.7507986914189646e-06,6.591324377340914e-05,1.4968162393319314e-31,2.196649775485245e-12,0.01622499765489975,0.9837073382809833,1.945554733992616e-11
ACAACGGTCCCTGCGA-1,8.254411398176963e-14,0.971949425693644,4.053962531618533e-38,1.8903304689055126e-20,0.028031246259603067,1.3297298438302328e-06,1.799831682660493e-05
ACAAGCAGTGCCTAGC-1,1.5255260646469626e-10,0.008995070367861367,2.4209220893068437e-34,2.1477837156299975e-16,0.9902196399711883,0.0007852894750566873,3.334075669712725e-11
ACAAGGAAATCCGCCC-1,0.00702256857450513,2.6968607329913546e-05,2.5312446470468536e-32,4.112013012200437e-13,0.021696429162675415,0.971254032984286,6.70792368618498e-10
ACAAGGACAAGAGGTT-1,9.634622465916292e-10,0.00860796579319189,2.2565786279369104e-33,1.285127600787276e-15,0.990122374891819,0.0012696504545588808,7.896966642103732e-09
ACAAGGATGCTTTAGG-1,1.651126601165277e-09,0.0040273103663398336,5.348182982955449e-32,9.72329172991619e-15,0.991178615382941,0.00479407246410782,1.3547498937395523e-10
ACAAGGGCAGGCTCTG-1,2.6447390185960823e-08,0.0025533032262618936,1.0078131129987738e-29,1.3351001715198865e-11,0.21370599518774905,0.7837406663357539,8.789494041617183e-09
ACAATAGTCGTACGTT-1,1.3383434735860557e-10,0.008159505675369503,2.453286527936588e-32,1.1841793686111491e-12,0.07903162176748227,0.9128088722237795,1.983501760884325e-10
ACAATCCATTTAAACC-1,7.090716415438548e-10,0.0005057474484102352,1.1090421106785849e-21,1.1722217055554684e-06,0.06020056295213334,0.9392925156924778,9.762013738217147e-10
ACAATGAATACGGAGA-1,1.4221549307869024e-38,9.152361925560243e-37,0.9999974435346318,2.5564653682950103e-06,6.873388766383859e-34,1.5136013048955812e-29,1.3647931509498425e-37
ACAATTGTGTCTCTTT-1,6.612366177676195e-13,0.0011981802057163741,1.3746710704454831e-36,9.183233916077736e-18,0.9984994177501118,0.0003024020417093313,1.80130019299928e-12
ACAATTTGAGCAGTGG-1,2.0985227102669755e-07,0.000808039448821479,1.9374242223745274e-34,1.0460232720388457e-15,0.9915045178625844,0.00768723254655148,2.897707469919381e-10
