,0,1,2,3,4,5,6
AAACAAGTATCTCCCA-1,2.4160611272980055e-10,0.015010958836935033,0.9544614691054983,0.029761681418139906,3.5978262605997113e-13,0.0007658903973677977,9.296720354998119e-14
AAACACCAATAACTGC-1,1.3303474536570094e-06,0.9807378194613191,0.019191273823664638,6.658292578267987e-05,1.6712032312915307e-11,2.9934250673260035e-06,3.6749846578447724e-16
AAACAGAGCGACTCCT-1,4.904340835468014e-12,0.000292428208038866,0.019029769186032296,0.24919886396784566,3.6607062428402355e-12,0.731478938132027,4.97491094650875e-10
AAACAGCTTTCAGAAG-1,2.5776585552529247e-07,0.8817878428271857,0.11811692110256652,9.068410881842324e-05,2.1522738095133036e-14,4.294195551810578e-06,3.7680505088687737e-16
AAACAGGGTCTATATT-1,6.017004570446217e-08,0.19873893512315352,0.8010299377509325,0.00023052969803020993,3.802773680210937e-12,5.372540339674616e-07,1.4738716103284647e-15
AAACATTTCCCGGATT-1,5.975890809655658e-07,0.9912625950751066,0.00869721160692837,3.5385280437894946e-05,6.07758270938036e-12,4.210442368477269e-06,2.43446180297133e-16
AAACCCGAACGAAATC-1,7.745244187193119e-07,0.057727330860757306,0.9327809994958827,0.008761469916663036,4.3238108537813025e-11,0.0007294251282486244,3.0791466940210815e-11
AAACCGGAAATGTTAA-1,1.0391917992146102e-08,0.11826470381340659,0.8761107714565456,0.005039247938819625,1.3334937187506762e-09,0.0005852650000887688,6.572737080004477e-11
AAACCGGGTAGGTACC-1,1.2512457134620171e-05,0.7700518983525599,0.2298078096373481,0.00012766898086040518,1.6598966266099046e-14,1.1057208024604513e-07,6.92690026330958e-17
AAACCGTTCGTCCAGG-1,4.410632982950085e-06,0.9981191757909162,0.0018756585897005548,7.536616731184986e-07,2.9601004529445295e-15,1.3247242221682907e-09,8.17821988125259e-19
AAACCTAAGCAGCCGG-1,0.012126642778950187,0.9873230748647674,0.0005500374039634348,2.240958615481362e-07,5.915875050572038e-13,2.0855864714562385e-08,1.0889457351175433e-15
AAACCTCATGAAGTTG-1,0.00015605774766403209,0.11243808642385496,0.8825758789410186,0.0048143337952600215,1.4589292113420907e-09,1.5641626574592115e-05,6.698557992932454e-12
AAACGAAGAACATACC-1,7.309251207868545e-06,0.05275142751475303,0.04289925574673589,0.6692398439551334,0.0009155462031904204,0.23418648934178093,1.2798719853257858e-07
AAACGAGACGGTTGAT-1,1.4757800443625597e-07,0.011120078371402978,0.6522263065029031,0.3248630656000894,5.471581882460899e-09,0.011790396375519428,1.0049880059801209e-10
AAACTCGGTTCGCAAT-1,0.9997776088511751,3.4671800074389634e-06,6.150210171159226e-08,2.4617705351229698e-09,0.00021885795862125617,2.0462277872187112e-09,9.61132345647524e-14
AAACTCGTGATATAAG-1,2.638333170571714e-13,1.1534360858985797e-06,2.778521005872605e-06,0.0004627776662853831,2.2626979749841068e-09,0.9995332875100313,6.036296492449737e-10
AAACTGCTGGCTCCAA-1,2.9070023445617644e-06,0.9582246994823771,0.041484139387646446,0.00028557631971708186,6.930363770019401e-14,2.6778078423037887e-06,3.1701617383563325e-15
AAACTTAATTGCACGC-1,0.0014734695513426857,0.9978716059004509,0.0006545775424247441,3.445348875463194e-07,2.0855708983185184e-12,2.468808568418177e-09,4.444614980159608e-17
AAACTTGCAAACGTAT-1,0.002714782386402178,0.8722599128724299,0.12239215027952216,0.002623490417072267,4.040046198060716e-07,9.260037497812165e-06,2.455609921760991e-12
AAAGACCCAAGTCGCG-1,1.6306460993998012e-12,0.00030296000985220414,0.10838416344622472,0.8850498130837409,7.27485546829264e-11,0.006263063385697294,1.0564191717614406e-13
AAAGACTGGGCGCTTT-1,3.259902516441015e-11,0.0010841070229128016,0.9691862099293889,0.02965916747199098,7.270100607717813e-09,7.050827217182991e-05,8.359127796278783e-13
AAAGCTTGCCTACATA-1,4.177860141326229e-16,9.026599807127692e-13,3.539826710539888e-13,1.1962795664353434e-09,3.568465102207933e-10,7.735072022581236e-05,0.9999226477253911
AAAGGCCCTATAATAC-1,3.591382757500856e-05,0.9897553393655136,0.009833957705229806,0.0003643642702769465,3.6421759051032714e-10,1.04244671871465e-05,7.377845370048999e-17
AAAGGCTACGGACCAT-1,0.9999864444230866,1.3555334156661373e-05,2.41750875910294e-10,8.366621999136732e-13,1.6782078471667755e-13,8.494867273179734e-16,4.0787816538871843e-16
AAAGGCTCTCGCGCCG-1,6.789972749168246e-07,0.9610470650723121,0.030592255530690907,0.007432900957394051,1.0939136187659286e-11,0.0009270994313862435,2.9164163871896957e-15
AAAGGGATGTAGCAAG-1,1.6916798801904453e-11,0.00015016323959225031,0.041019453645623864,0.8880670110664024,7.128608820478755e-10,0.07076337125486595,6.373774099731902e-11
AAAGGGCAGCTTGAAT-1,8.230018298705562e-08,0.00021068886480079033,0.030833147189136705,0.9213371405885386,1.2002027782265459e-05,0.047606051070864464,8.879586946359708e-07
AAAGTAGCATTGCTCA-1,6.391893130001008e-06,0.9950200151489236,0.004970811499404541,2.776693974735413e-06,3.5516936833385366e-13,4.764212050469939e-09,2.2567310985428954e-17
AAAGTCACTGATGTAA-1,2.3267083007381608e-11,1.1235113144395688e-05,0.0005116628574708976,0.3597852013600918,5.353544997720657e-10,0.6396919000391827,7.148853132057922e-11
AAAGTCGACCCTCAGT-1,1.52682803664759e-08,0.01110471762977343,0.9697785111358449,0.01911267739290621,1.5603456878160078e-11,4.078557587035078e-06,4.5845919434922914e-15
AAAGTGTGATTTATCT-1,4.167853531591811e-09,0.5935638704912293,0.40173535742737865,0.004460809487295095,9.85900213462906e-14,0.00023995842614349963,1.2572667565780243e-15
AAAGTTGACTCCCGTA-1,3.2055360496825737e-12,0.00957872506125512,0.9741686035625389,0.016157896399478955,2.1963412284553077e-12,9.477497132390351e-05,1.238039936487694e-15
AAATAACCATACGGGA-1,1.2445342996007112e-09,0.001345628520002399,0.0022533159350960107,0.03639023508264267,3.720870644268767e-10,0.9600108188168354,2.880229546481337e-11
AAATAAGGTAGTGCCC-1,1.1898400061789038e-12,3.9138110931775516e-10,3.628192235153141e-07,0.00047904194614580166,2.242162548215647e-08,0.005330697893844754,0.9941898745265895
AAATACCTATAAGCAT-1,7.246569035937561e-08,0.9861892909216515,0.0136443601012941,0.00013942694507380882,2.6466071303504742e-11,2.684953963213174e-05,1.9192930575612983e-13
AAATAGCTTAGACTTT-1,1.1357745798553993e-09,0.03852881526148621,0.023715028145560597,0.028735882965851677,4.470139058030424e-08,0.9090202276593223,1.3061409011421622e-10
AAATAGGGTGCTATTG-1,2.2297837245937013e-07,0.9253377233982365,0.07460692909197933,5.3366953211165846e-05,2.1717737054779092e-13,1.7575779829481796e-06,1.1077497766856809e-16
AAATCGTGTACCACAA-1,7.6462435715865e-09,0.9308325934141694,0.06897665024452423,0.00018498523712005943,1.670042309575017e-11,5.763441241343958e-06,1.0902943163385219e-15
AAATCTAGCCCTGCTA-1,8.742453134513655e-06,0.6603949279967205,0.2795837735281448,0.022561581163715875,1.0950239785116659e-09,0.03744678019636943,4.193566890879175e-06
AAATGATTCGATCAGC-1,1.6318418537623997e-11,7.649947133614691e-08,8.006421171365275e-07,0.0002883498215586543,4.657983231671837e-06,0.9973784557768514,0.002327659260451532
AAATGCTCGTTACGTT-1,3.221493000881114e-14,5.989115390815949e-08,0.013839825737669124,0.9849192462826132,1.447549220692248e-11,0.001240868074052508,3.573266251998251e-15
AAATGGCATGTCTTGT-1,1.0089871066303238e-12,0.0002646452893484006,0.09188657470068284,0.8876638415874283,1.0458246123066949e-10,0.020184938316680376,2.6871627390258645e-13
AAATGGCCCGTGCCCT-1,1.3983152080756157e-05,0.9852394941059625,0.01469491426481765,5.152740969761745e-05,3.7152680759536106e-09,7.735217353643316e-08,3.958572846996197e-18
AAATGGTCAATGTGCC-1,2.9781106002192597e-10,0.0032062759186992033,0.9783707110058225,0.018400936830411056,2.7131022289219896e-13,2.2075946981413165e-05,3.557128351479298e-15
AAATGTATCTTATCCC-1,2.483956566332319e-09,7.321841549428093e-06,0.0004035108919075998,0.29081629058231,6.16636803654146e-05,0.7087110673689903,1.4315092053734874e-07
AAATTAACGGGTAGCT-1,8.712433561720161e-13,0.022306912824307506,0.9534914536051164,0.024106530457459866,1.112838872020186e-11,9.510310111631155e-05,2.320942111720917e-16
AAATTACACGACTCTG-1,1.1114484879246345e-10,0.044413386502807815,0.43173244864789617,0.46621021697686454,1.8111404897225025e-11,0.05764394774291958,2.556902767757723e-13
AAATTACCTATCGATG-1,2.4035792244403547e-12,3.274608083237293e-06,6.931312903534548e-05,0.036770010134943916,1.7782708178182791e-09,0.9631573712341303,2.9113132802903017e-08
AAATTCCAGGTCCAAA-1,8.429752698156842e-11,1.0144236600065692e-05,5.976176392357471e-05,0.0031663821143513523,1.4470644635088626e-07,0.9967635584375856,8.656795543669527e-09
AAATTGATAGTCCTTT-1,6.217402336767979e-07,0.9230651929912571,0.07532794699833902,0.001583301403648357,4.081997360756565e-10,2.2936458321953637e-05,1.162392650651094e-16
AAATTTACCGAAATCC-1,1.8867572745710207e-08,0.006689948278438567,0.36118455723587994,0.4979015978405734,1.4276225739638373e-08,0.1342238499886856,1.3512624047807502e-08
AAATTTGCGGGTGTGG-1,2.7152520424174126e-07,0.946933185304408,0.052756580207557635,0.00030876808887866453,3.180107975683153e-11,1.1948421492501929e-06,1.1742379954184466e-15
AACAACTGGTAGTTGC-1,9.367844265881971e-15,9.123684930782446e-05,0.9656256278953196,0.03421149471156181,4.828788845973289e-13,7.164054330730404e-05,1.146320971347454e-14
AACAATACATTGTCGA-1,0.012130520311107604,0.9877000003466421,0.00016773038909664737,1.5992787613643227e-06,1.5618387946770433e-13,1.4967423016509586e-07,6.112739098918455e-15
AACAATTACTCTACGC-1,2.2799169824918502e-10,0.0009620743686595446,0.28660823730967927,0.7096041724834694,9.44058299151782e-08,0.0028254211657129436,3.865709689004763e-11
AACACACGCTCGCCGC-1,6.490404585305188e-07,0.8755031778315162,0.12399473086281651,0.0004756751429597595,1.6648993860243198e-12,2.5767120573232963e-05,1.0884758006901162e-14
AACACGACTGTACTGA-1,3.5335524730186057e-07,0.0038474404241682024,0.06372174137875916,0.8999642370510277,2.6354241674704585e-06,0.03246349755309221,9.48135379469968e-08
AACACGAGACGCGGCC-1,1.5485423462388786e-08,0.21151646138906685,0.7872258330752028,0.0012501661832824318,1.5130520070571145e-13,7.523866873029866e-06,7.059776755119348e-17
AACACGCGGCCGCGAA-1,3.476963082798708e-07,0.0010609814685144756,0.22651852131303796,0.7707655037377429,0.0001112437917619708,0.001542976050539789,4.259420945623779e-07
AACAGCTGTGTGGCAA-1,8.26714974146853e-07,0.9937601249890735,0.006217325235280682,2.1274785081269407e-05,1.066120945168927e-14,4.482755797829083e-07,3.097622435359788e-18
AACAGGAAATCGAATA-1,4.290863865002552e-06,0.009213932470839339,0.4536680738777161,0.5359310620366733,1.0266490023647376e-13,0.0011826407497585875,1.045014357656163e-12
AACAGGATGGGCCGCG-1,3.5540714846696466e-09,0.018584112271026618,0.9638203765605432,0.017360975959000602,1.0845564717510976e-07,0.00023442319964762825,6.312423160825683e-14
AACAGGTAGTATGGAT-1,2.7503806971370235e-10,0.09187019988588281,0.7437045936667637,0.07636325437143834,5.681933114410867e-10,0.08806195114146069,9.122320767582161e-11
AACATATCAACTGGTG-1,8.665559977688967e-09,0.00070893335844091,0.2116199792380626,0.6363688460593725,6.446109549803048e-09,0.15128899051274355,1.323571971073888e-05
AACATTGTGACTCGAG-1,0.999997753075256,2.2458588571503726e-06,1.0646883383037535e-09,4.975461753988203e-13,7.006045156462509e-13,1.5121668227771593e-16,9.956160282617199e-17
AACCAAGACTTCTCTG-1,6.552166797703583e-12,0.003670836953463249,0.990675944700011,0.005620473909441869,2.1439380026751665e-13,3.274443031588762e-05,1.3766136855633717e-15
AACCAGTATCACTCTT-1,1.1476422601852602e-09,0.06281353169351432,0.6687669243709194,0.23987501364656785,6.224923831788053e-08,0.028544465047137098,1.8449808315442533e-09
AACCATGGGATCGCTA-1,2.2775235100092853e-13,0.0002558604178965336,0.3584301131859599,0.6400534599023437,7.034560112442423e-13,0.0012605664928685785,7.67783200977496e-18
AACCCAGAGACGGAGA-1,1.1558212163635161e-05,0.03029518705129548,0.2963114925338887,0.6679063298041658,5.884763034760186e-07,0.005474843808908372,1.1327451216484826e-10
AACCCATCCCATGATC-1,1.3060979632830718e-06,0.9995689092294775,0.0004293925724076866,3.897263328469814e-07,1.4636308226565824e-13,2.373672183417192e-09,2.128845375614369e-18
AACCCGAGCAGAATCG-1,4.53397701727432e-07,0.9881029551394485,0.011888441554067606,6.934101215829221e-06,2.841152688522422e-13,1.2158072812647625e-06,8.085584292372608e-16
AACCCTACTGTCAATA-1,5.789627831249063e-11,0.003553251606464654,0.18159035360180759,0.4323844918970954,5.388057667261466e-10,0.38247190186679625,4.3113402348724587e-10
AACCCTGGTGGAACCA-1,8.54627355963749e-09,0.0013200291881077623,0.011030260472617204,0.3201479980712366,1.0033501325323953e-08,0.6675016920635606,1.6247029992476663e-09
AACCGAGCTTGGTCAT-1,1.137878100154639e-12,2.5594349447380747e-05,0.20780112425543534,0.7879717844943345,5.206288062076409e-10,0.004201496342181773,3.683432167963729e-11
AACCGCTAAGGGATGC-1,1.5043299787740962e-08,0.08992196624033853,0.904445520858024,0.005615723791219139,4.55611786439877e-13,1.677406666143611e-05,1.328973325762255e-15
AACCGTTGTGTTTGCT-1,2.1724596644047273e-14,1.7927733827794073e-05,0.012559009052626682,0.9124393643287024,7.0899246662125755e-09,0.07498369179446042,4.361361780665247e-13
AACCTCGCTTTAGCCC-1,0.006660291081700109,0.9930263027328109,0.00029665223682721334,1.2888073640141532e-05,5.2642163829714146e-08,3.8132328366915387e-06,2.096740727052184e-14
AACCTGTCACGGAATT-1,1.7610835425863715e-13,1.6866584060591991e-06,0.0003877466909602888,0.015005009017038072,9.777763271546035e-09,0.9846055478492888,6.367447837219071e-12
AACCTTTAAATACGGT-1,0.07714016102327964,0.921994289141008,0.0008651510307599444,3.75303492431511e-07,8.00198801330294e-15,2.350145172858017e-08,2.0747102281682206e-16
AACCTTTACGACGTCT-1,6.572609282921775e-09,0.006089788356925979,0.17883029804336528,0.285070192131285,2.2767451357686002e-07,0.530009485983848,1.2374529479805064e-09
AACGAAAGTCGTCCCA-1,1.1812640637183832e-09,0.9895534768560093,0.010400002339373701,4.222764015260973e-05,3.7924810180238676e-13,4.291982821226777e-06,3.825333962060126e-17
AACGATAATGCCGTAG-1,2.8568761310015277e-06,0.9855537941791727,0.014429120208798284,1.2725228130559315e-05,2.124851599702478e-12,1.5035055583158752e-06,8.414011872514463e-14
AACGATAGAAGGGCCG-1,9.06995362220995e-13,3.866269166870654e-06,0.010908150205867422,0.7020632820284123,4.577443025152491e-11,0.2870247014053467,4.452520067680639e-11
AACGATATGTCAACTG-1,4.776504225962597e-13,6.3198526945306e-05,0.007079719563921904,0.7217691564503269,3.154680267725036e-09,0.27108792226266376,4.0984306319893414e-11
AACGCATGATCTGGGT-1,1.4073590751881303e-14,7.172705867376382e-08,7.266772853735013e-06,0.0012677089317295921,1.6551500762626278e-11,0.998724952439151,1.1264141545059074e-10
AACGCGAACGGCAACA-1,7.1981340389497736e-06,0.006654851776035577,0.30784080004716874,0.6829785983092419,6.527746120258505e-06,0.0025120237909131583,1.9648143747189064e-10
AACGCGGTCTCCAGCC-1,1.0949258378610386e-11,0.0004683509684958387,0.07314797914696117,0.5255434327057612,3.3850423269964284e-11,0.4008401779118105,5.9222171652633636e-08
AACGCTGTTGCTGAAA-1,5.7225968055549184e-08,0.6644958734400341,0.3344598439122814,0.0009593580639672933,1.7013220348193464e-11,8.486734001074968e-05,7.248599055830757e-13
AACGGACGTACGTATA-1,1.3104755693015878e-08,0.9832993827642181,0.016632300921842043,5.4824200680751316e-05,3.64225243044644e-13,1.3479008138794686e-05,3.674144389778117e-16
AACGGCCATCTCCGGT-1,1.0070103640001515e-10,0.9836717939870661,0.016316087944612735,1.2035913027482917e-05,7.891000289506132e-12,8.204670155481066e-08,3.948812015526176e-19
AACGTACTGTGGGTAC-1,2.1916441229554565e-08,0.9837127673313851,0.016280952240093696,6.221425015936706e-06,5.546340241528295e-13,3.708650932741681e-08,7.695260011095929e-17
AACGTCAGACTAGTGG-1,1.7169761961921525e-10,0.00021604844350180358,0.08436923197017861,0.8796024882643587,5.531506417435904e-13,0.03581223035817243,7.915377271867503e-10
AACGTGATGAAGGACA-1,1.7875675352470369e-13,0.00012640138181943983,0.01324383777014475,0.6387243561376348,4.839933985257694e-11,0.34790540466151193,3.1104075936063237e-13
AACGTGCGAAAGTCTC-1,1.7890980447832296e-12,0.0005155432715499487,0.9348167352595947,0.06436605297338446,6.744511049913086e-14,0.00030166849110051095,2.513836933032789e-12
AACGTTATCAGCACCT-1,1.1083238694459014e-13,7.801148190936246e-06,0.01672242818520801,0.8163300107728395,3.422058122183125e-12,0.166939759890186,4.2654273713884707e-14
AACTACCCGTTTGTCA-1,7.107510780726561e-13,0.03638733775526976,0.9113394195569695,0.04932321134054521,2.59145535139126e-12,0.002950031343911878,1.6829283459401199e-15
AACTAGGCTTGGGTGT-1,1.811018183056215e-05,0.9990450949446352,0.0009336745474341886,3.0626699413335794e-06,4.726183644594576e-14,5.765611118320247e-08,4.0830715559679356e-19
AACTCAAGTTAATTGC-1,1.1818545260327379e-09,0.040857538936203135,0.9218092276313415,0.03705151212284638,2.1219526747083951e-13,0.0002817201274703416,7.155431134999621e-14
AACTCCAGAGCGTGTT-1,6.157617806805247e-08,0.993662078660409,0.006280095385113908,5.577840232476673e-05,1.337630803809683e-15,1.9859759730423335e-06,9.655004319273264e-17
AACTCCTAATCCCATG-1,2.8554024827475494e-15,1.7120541603463794e-05,0.005380868556535444,0.30688774708641975,1.422020784373761e-13,0.6877142638152777,1.857060903559558e-14
AACTCGATGGCGCAGT-1,1.428261534579986e-12,0.0003922188283586016,0.14477640735027916,0.824240443853799,4.0623779693334127e-08,0.030590889342040517,3.147303891772141e-13
AACTCTCAATAGAGCG-1,4.47712851870621e-15,6.782782230228896e-06,0.0005777352676338982,0.03391254428500209,3.1128967091346184e-12,0.9655029376616909,3.2549880451470533e-13
AACTCTCAGTGTGCTC-1,9.761491136168165e-08,0.9278494690134823,0.0694324169867696,0.00268191619883356,9.947259683179459e-11,3.610008650782763e-05,2.2699488706722538e-14
AACTGAGTTATACTGA-1,2.43023872803359e-07,0.23699030432230467,0.3906415268729423,0.36469664417469805,2.982849810823414e-07,0.0076709021372427825,8.118395825872313e-08
AACTGATATTAGGCCT-1,4.345599071543213e-14,0.0006909648035005883,0.15195619892702508,0.7804288479348536,5.7435790349636674e-12,0.06692398832866836,1.6548072153261463e-13
AACTGGGTCCCGACGT-1,3.109395230603181e-10,0.001212655800219447,0.5067587307836771,0.4789626873773846,3.640896892697885e-11,0.013065920889262044,4.8021084799591306e-09
AACTGGGTTCGAGCCG-1,1.2859243106544808e-05,0.648267686114748,0.2693866109622197,0.07759945667531357,4.675834051826184e-08,0.004733340246261571,1.0078106008282096e-14
AACTGGTGTGGGCCTT-1,1.6066912704074407e-10,1.2210606547693484e-07,1.1233334275874825e-05,0.07485628474056563,1.5246678369633724e-05,0.9251157414797736,1.371500280711713e-06
AACTTCTGCGTCTATC-1,1.771606291393405e-06,0.006014335516625868,0.6636239836276346,0.32978333830373996,2.4586337046352413e-08,0.0005765463582615905,1.1097143248509637e-12
AACTTGCCCGTATGCA-1,1.4113688079889835e-11,1.4646347557059733e-05,0.3525901423163251,0.6429593679155244,3.780817066536052e-09,0.0044358395897554975,3.590712748383422e-11
AACTTGCGTTCTCGCG-1,1.5581486428529572e-10,2.009064630969086e-06,0.0027882622591338816,0.985377197915217,5.228504602404166e-05,0.011780245405641926,1.535373802726921e-10
AACTTTAGCTGCTGAG-1,1.4224829358440924e-07,0.00021222264916325237,0.01234200427601134,0.978527542565639,0.008136887987080245,0.0007812002278533898,4.595912538006598e-11
AACTTTCTCGATCATG-1,6.363232532460223e-14,1.2772416293149693e-15,3.5773916363381495e-15,1.0436124341703109e-12,8.064738373683334e-11,8.939697409868002e-11,0.9999999998288436
AAGAAATCACCAGATT-1,2.2322911407872335e-10,7.225475162176511e-10,8.422624655503185e-09,2.284010604813829e-06,1.416980317349001e-05,0.00013991303200953212,0.9998436237858109
AAGAAGGATCAGTTAG-1,1.7461554640468956e-14,9.408518929669011e-07,0.0003865524096696221,0.2599557152129031,2.911694215561697e-10,0.7396567901837144,1.0506329162566865e-09
AAGACCCAACTGAACA-1,0.017510170597982717,0.9824600418433829,2.9657226530808537e-05,1.23854944068964e-07,6.388531093147433e-15,6.477153211117728e-09,2.4475869323796962e-17
AAGACTGCAAGCTACT-1,2.326877720446133e-13,0.007787305818711569,0.9374716459670773,0.05444886316025849,1.875210175028708e-11,0.00029218503496552183,2.1920762246741754e-15
AAGAGATGAATCGGTA-1,1.2178973686244628e-07,0.21490682849973392,0.7825123488173578,0.002554849236258156,4.5810416945112666e-11,2.5851611090327524e-05,1.2591342351527561e-14
AAGAGCTCTTTATCGG-1,2.0885521358236356e-09,0.00013119840911003712,0.19158282954723704,0.808040260891842,1.5201286614839658e-09,0.0002457075417549339,1.3752694131432562e-12
AAGAGGATGTACGCGA-1,9.20531661922389e-09,0.05809709949607123,0.9363637461797502,0.005523920487857608,1.0425754317439705e-10,1.5224526620218055e-05,1.2673287765650134e-13
AAGAGGCATGGATCGC-1,1.1064129236753068e-10,0.010420106113948082,0.7182182707770203,0.2708673143915942,1.3949428082928593e-10,0.0004943084673007769,1.0973833973409472e-15
AAGAGGCCCTTTGGAA-1,5.770149399677903e-06,0.9910133271005934,0.008895783051858385,5.966098009660235e-05,8.562808430499709e-11,2.545863213407333e-05,2.8961423117885584e-13
AAGATGGCACCGGACC-1,5.758803796867904e-05,0.9994708258894119,0.00046393462754085066,6.781496467754662e-06,2.391258487382951e-13,8.699483705019805e-07,1.1537557131750987e-15
AAGATTGGCGGAACGT-1,2.7479094675174267e-11,4.9703270552268694e-05,0.000109453314009927,0.04023348952515687,4.333822023060875e-09,0.9596073494259858,1.0299419371061722e-10
AAGCACCCTGCGTATC-1,0.0003998879491788571,0.9984680964813722,0.0011144807038691719,1.6562409117880403e-05,1.535851209234277e-13,9.72456307964699e-07,8.249949747595573e-17
AAGCATACTCTCCTGA-1,9.84278593509679e-08,0.9324861080334464,0.06719218003588351,0.00029878127207624285,2.9923972181615663e-12,2.2832227741643856e-05,3.2643864922347824e-16
AAGCCGAAGCGGTTTA-1,6.372302562543689e-08,0.5517347256571414,0.4262262842451321,0.019053356382521397,3.7871560364803934e-11,0.0029855699538832293,4.2473767667488927e-13
AAGCCGCCGTGAAATC-1,7.709831566814102e-07,0.513993658834216,0.4834515060984832,0.0025506472307905864,1.193232278800598e-15,3.416853352341947e-06,1.4081422063473626e-17
AAGCCGCTTTACCTTG-1,2.7351228341317497e-11,3.0356802834813327e-10,5.401487975159046e-08,2.0382656120374493e-08,0.9999919675970538,7.382535912900299e-11,7.957600665658353e-06
AAGCGGCGTCATGGGT-1,8.039333579244741e-11,6.568151796650824e-06,0.008064954453488272,0.753292836529012,1.4279328005916915e-09,0.2386356393302669,2.711000582779437e-11
AAGCGTCCCTCATCGA-1,6.266211371335405e-07,0.9804235033369963,0.019201250878352664,0.00036194586349032863,3.315549619227513e-11,1.2673266856867084e-05,1.1065555502795834e-14
AAGCTAGATCGAGTAA-1,2.757218605940821e-07,0.9947703510854934,0.005227696059789154,1.6087697248431692e-06,4.434678552897054e-15,6.836312750582444e-08,5.510986866352903e-17
AAGCTCGTGCCAAGTC-1,1.7891724391641847e-10,0.0003625831502773787,0.44597426068910717,0.5430493830378772,1.8098381435349587e-08,0.010613754087346869,7.580926192911269e-10
AAGCTCTTTCATGGTG-1,2.8618425416463336e-07,0.9853681648447404,0.014569750888450207,5.795122168008166e-05,1.043410543035395e-14,3.846860864666379e-06,1.0957030672570938e-18
AAGGAGAACTTATAAG-1,1.1821508963342507e-08,0.6137504868985291,0.3454856011471204,0.03952237194924587,1.0061251138931945e-09,0.0012415271774344713,3.618156998997208e-14
AAGGAGCGGTTGGTGC-1,1.4166607351592947e-11,0.007291127457879778,0.7178141881582204,0.2677171341675815,8.56900790805305e-12,0.0071775501890818825,4.500883139794723e-12
AAGGATCGATCGCTTG-1,1.8588502964032105e-11,0.00019280476766777067,0.0005226166868201738,0.007491542472043295,9.330547574951026e-11,0.9917930358408359,1.2073889589792265e-10
AAGGATGAGGGACCTC-1,2.3613460458757168e-07,0.00901871520304548,0.036081100848151595,0.5031055791160602,2.9678975355321e-07,0.4372785307536694,0.014515541154715303
AAGGCAGGCTGTCTCC-1,1.536203994611789e-12,0.0008908036730095624,0.09592214846430802,0.3340705838159477,1.9617703029505333e-12,0.5691164640426675,5.692666257950292e-13
AAGGCGCGTAAAGCTT-1,1.4984957022014207e-09,0.000777347717008365,0.254741550497286,0.722016053964784,2.5332481118658514e-10,0.02246504606194971,7.151418674250543e-12
AAGGCTGTGCTCATCG-1,5.215837418874618e-10,0.012505898160347997,0.9833071024297628,0.004186646344103426,4.887470704150935e-12,3.525393139835538e-07,4.563706756627445e-16
AAGGGAACGACTGGCT-1,0.00015110484055834588,0.9833404902372281,0.016473944491988805,3.434626022147162e-05,9.118454390565756e-12,1.1416087470925743e-07,9.923174430208105e-15
AAGGGACAGATTCTGT-1,7.077927766470659e-11,1.6443692384637303e-05,0.0004264160835136395,0.21111906129268276,3.7468781799746267e-05,0.7884004974551778,1.1262366222037324e-07
AAGGGACTATGCATTC-1,1.07469558070052e-06,0.9910579188763251,0.008918344918583591,2.2598185421923122e-05,5.5242922542861414e-14,6.33240334367511e-08,2.1008291732704638e-18
AAGGTATCCTAATATA-1,6.0208179937406785e-12,5.390661441253605e-06,1.3214888687016509e-05,0.05173684326500467,1.4787950297237447e-08,0.9482445363868923,4.003674976662861e-12
AAGGTGATAAACCAGC-1,6.757104137515195e-11,0.016028263993308117,0.969764391007129,0.013411715403827391,1.705042527332656e-13,0.0007956295279681063,2.578213559343849e-14
AAGTAGAAGACCGGGT-1,2.720667999149643e-08,0.001646614459486987,0.03089362945604924,0.9641835901627223,5.689758581769101e-08,0.003276081816888544,5.873398451126091e-13
AAGTAGTGACGCGAGG-1,2.1254880085696438e-12,5.779643823713648e-05,0.8630383823719212,0.1368213603239071,1.8888205749918722e-11,8.24608447727945e-05,1.4811230726093548e-13
AAGTCAATTGTCGTCA-1,1.4715494485996593e-09,0.3598917234915803,0.5948220723163008,0.036613340619135445,1.4123869936654473e-12,0.008672862099561914,4.596671448016986e-13
AAGTCTAGTAGCTGCC-1,5.682981385305566e-22,6.857634005418287e-21,1.0966380929819506e-19,1.2284102568151363e-14,8.514025654816529e-09,7.436613892935581e-11,0.9999999914115959
AAGTGACGACCGAATT-1,5.765904375568401e-11,0.07783798550550489,0.9180479514501955,0.004093024572495719,4.509683050782317e-14,2.1038414099872235e-05,6.827499197077764e-17
AAGTGAGTCGGGTTTA-1,0.003979172808153266,0.9950093442068106,0.0010109903944918567,4.922341641120748e-07,2.5649575843843154e-12,3.5381520276573927e-10,6.023029603423786e-20
AAGTGCAAAGGTAGAC-1,7.83623516356827e-07,0.0011418577749096835,0.8353076607885704,0.1627332279090419,3.095440311537102e-11,0.000816469571334548,3.016723889478627e-10
AAGTGCCTTGACTGTA-1,1.5820143653788594e-10,0.009132722831071551,0.8618886755019629,0.12251174111417067,2.9466694197229424e-12,0.006466860391629429,1.7395553964170167e-14
AAGTGCGTTAGAATCT-1,1.3037163002268025e-08,0.866140890365015,0.1338202628225815,3.879596076759369e-05,7.565467482826424e-14,3.781439726164339e-08,2.339342723763551e-16
AAGTGTTTGGAGACGG-1,1.7018555072951656e-06,0.6717320171433782,0.32821192621835155,5.43434878482537e-05,3.861118250253238e-10,1.0908803001429711e-08,1.9520133103080783e-17
AAGTTCACTCCAAGCT-1,0.0008042163869280808,0.9973373074842202,0.0018344787949315239,2.138773993834836e-05,2.0148465177906638e-11,2.609573833359763e-06,7.802504964106966e-17
AAGTTCAGTCTGCGTA-1,4.401112893940282e-12,1.693333095947089e-05,0.0020999764787638328,0.03816692547747833,9.362572953621511e-10,0.9597159705584358,1.932137041056029e-07
AAGTTCGGCCAACAGG-1,0.00021136022231440965,0.9770047243426594,0.02274985384900502,3.3870132973185244e-05,7.449435740691242e-12,1.9144558805162395e-07,1.0696154203547007e-14
AAGTTTACTAATGGCA-1,2.494409699535574e-07,0.0021944823305652308,0.009045492742600681,0.10974030721670944,3.7050593646785364e-06,0.8790122087907403,3.554419049695909e-06
AATAACAACGCTCGGC-1,2.113264378220404e-10,0.05954450781443151,0.8309894369568159,0.10346799511412101,3.402892836261786e-11,0.00599805986137606,7.900095704346836e-12
AATAACACTAGAACAA-1,5.381836364157922e-07,0.5050228957293831,0.48641651314852524,0.008498307060786109,6.039437346758456e-12,6.174587162118965e-05,8.626564403412114e-15
AATAAGTCCTCGAGAC-1,2.0793626754203902e-07,2.9131986156939386e-05,0.0025724862530392524,0.011676570571284062,0.04002950045267832,0.04172257615498609,0.9039695266455877
AATAATCTTCGTATCG-1,2.252851536695721e-06,0.06209252488156945,0.8638582475008637,0.06100544952248548,8.255118088642918e-10,0.01304152383286353,5.851693164168636e-10
AATACAATGTTTCAGG-1,5.779549972061482e-14,3.6366076692098874e-06,0.03453650332842974,0.945866912298762,2.353651800634278e-13,0.019592947764665084,1.8076678778057322e-13
AATAGAACAGAGTGGC-1,6.553528587645725e-06,0.9986647947731673,0.0013271793153262247,1.4456418102037165e-06,1.175566448351322e-15,2.6741107168853697e-08,1.4239352876774487e-16
AATAGAATCTGTTTCA-1,3.160140673875396e-06,0.9548838967519387,0.045095267880085436,1.6769583229592824e-05,5.209289287603218e-12,9.056388540661186e-07,8.961995288180282e-15
AATAGCTACCGCGTGC-1,8.811837469084791e-12,8.31751160889016e-06,0.00011525737358947538,0.007110918178616973,2.401794890995729e-08,0.9927654808998294,2.0095943669081247e-09
AATAGTCCGTCCCGAC-1,0.0005396635258611573,0.9990806846479445,0.0003795708868548182,8.050281859471278e-08,1.181585251804937e-13,4.3640235134338804e-10,4.029666920653877e-18
AATAGTCGCGAGTCGG-1,4.643741247572997e-05,3.61823677234466e-05,0.00042349319783014077,0.003087657200120693,0.995998819319772,0.0003534355450360217,5.397495704181279e-05
AATATCAAGGTCGGAT-1,2.7186129885140766e-12,0.00016998707276041108,0.02020130192403546,0.8843662799240871,3.7869981229047136e-10,0.09526243069761663,8.177721118563509e-14
AATATCGAATCAATGC-1,2.2025371791938066e-09,0.27490906065630705,0.7222800421015301,0.002806664981403029,9.864661024435656e-11,4.229959575512959e-06,6.337822230271353e-16
AATATCGAGGGTTCTC-1,5.908601468047415e-07,2.7421047718992813e-07,2.652139798454982e-07,0.0001198057592086198,6.187893849117589e-05,0.0018321609650647035,0.9979850240526316
AATATTGGAGTATTGA-1,5.047183501447856e-12,0.01758399432845625,0.9817995019253632,0.0006160043108740001,1.9424808290253495e-11,4.994108345539977e-07,1.9789898428209477e-17
AATCATGTAAAGACTC-1,6.574767733406416e-07,0.9957002756945211,0.0042887912947515835,7.729921227195413e-06,2.0496843520167472e-11,2.54559210459881e-06,1.2532017836801204e-13
AATCCAAGGGCCTGAG-1,2.1968924568168015e-11,0.004886891479806971,0.6472764640983478,0.3369839012194032,5.7489306806755886e-08,0.010852685690954038,2.1224140152635294e-13
AATCCATGCAAGGGTG-1,1.7705215748139096e-07,0.0004917428444545782,0.08982823274545165,0.903350081497827,0.005546033613147768,0.000783732239370491,7.591057428085352e-12
AATCGCCTCAGCGCCA-1,2.546735729050295e-12,0.002112197360672403,0.4487625689636891,0.5381098713686658,2.354130784480351e-11,0.01101536228088032,4.1773254018751914e-15
AATCGCGCAGAGGACT-1,2.727243306818079e-10,0.0003061012884352588,0.001970024306736145,0.02086770382564309,5.2401432771725606e-12,0.9768561702566415,4.4579484006574356e-11
AATCGGGACACTACGA-1,2.1376685734482195e-14,1.5566688903524112e-08,5.069029601625515e-05,0.41357305833778124,3.507429454192362e-08,0.5863761988605388,1.8646587601917797e-09
AATCTAGGTTTACTTG-1,6.695913174351542e-09,0.9922577292148118,0.0077334118166483695,8.730385478053662e-06,5.392605634977512e-14,1.2188709488662553e-07,1.8423952791935203e-18
AATCTATGCCGGAGCC-1,0.9172351922698164,0.04133683149786811,0.0026534557380629405,6.0841216484293574e-05,0.015606306801777109,0.0013457488513752864,0.021761623624615655
AATCTCTACTGTGGTT-1,2.1761669492565174e-08,0.07674624820196314,0.9205881180140163,0.0026536957975572288,6.606085052445125e-10,1.1915564183470424e-05,1.7449728039719885e-15
AATCTGCGTTGGGACG-1,2.1477951198927477e-14,1.503975248555643e-08,4.914210387622294e-05,0.03973294689196059,4.133318318862653e-09,0.9602178912912178,5.398530103855888e-10
AATCTGGCTTTCTAGT-1,1.5108526119129398e-08,0.9942472887206746,0.00575040336508098,2.273641503739108e-06,1.9406816744546614e-14,1.9164195015626138e-08,2.7145203334691288e-18
AATCTGGGTAGACCCT-1,6.133288711819446e-05,0.4490355222439602,0.4967814107455049,0.0510816394632752,1.886117591878362e-07,0.0030399056742928293,3.7408965551466553e-10
AATGACAGCAATGTCT-1,1.7361718100811502e-08,0.9972954772359559,0.0027027430775486017,1.7403141863318731e-06,5.995599401454196e-14,2.2010531059837846e-08,2.2396460743875187e-18
AATGACGTAGGATGTC-1,6.067226716101303e-07,0.9532871664339149,0.04669794576225775,1.427562398897749e-05,5.378839103698605e-15,5.457161627994936e-09,5.420999175145151e-19
AATGACTGTCAGCCGG-1,1.4993414483188433e-09,5.585443556996879e-05,0.016032908042186135,0.9656846430800125,9.325714033400534e-10,0.01822659200841404,1.904555847070729e-12
AATGAGTTCGCATATG-1,1.1238547340206457e-12,2.3870252870179786e-05,0.04071649701372626,0.9492590690823207,1.3845186522509484e-07,0.01000042517926832,1.882562176822625e-11
AATGATGATACGCTAT-1,1.2567155641725141e-12,9.980030856298402e-07,6.575782004557326e-05,0.07585148143055187,3.98243924031057e-09,0.9240815977159011,1.6104671998890632e-07
AATGATGCGACTCCTG-1,3.8430556613238305e-10,1.458042105268675e-06,0.002254534594410308,0.12630516101502587,8.234775871720667e-06,0.09249271531556999,0.7789378958727113
AATGCAACCGGGTACC-1,3.7281934331267996e-12,0.0006274791603313333,0.2917457734032867,0.5794377318730536,1.1658408910783995e-10,0.12818901531003168,1.329843153076808e-10
AATGCACCAAGCAATG-1,3.5226700592738737e-15,4.273247515862204e-07,4.4555148840603e-05,0.009801742939980033,3.1862257063436313e-12,0.9901532580387896,1.6544448355576483e-08
AATGGTCCACCGTTCA-1,5.799613836033424e-10,0.0013448257458077957,0.90157190974992,0.09705929390546313,1.573264186478673e-08,2.3954286130079572e-05,7.56051166096851e-14
AATGGTTCTCACAAGC-1,5.163793219257147e-13,1.4002494270999905e-05,0.005852270606234014,0.9343027415928007,4.696502719821923e-10,0.059830984833190236,3.337463685483485e-12
AATGTGCCCGAGGTGT-1,4.645975330577773e-05,0.9996036473249307,0.0003493154793948853,5.610428212472196e-07,1.2003623062867677e-13,1.6399427133595946e-08,5.655449253367326e-18
AATGTGCTAATCTGAG-1,0.14700080631983795,0.7965011188053465,0.04876655277144006,0.006324623241511011,1.3014555254835662e-08,0.0014068858409913142,6.317924949050625e-12
AATTAAAGGTCGGCGT-1,6.622175419692434e-09,0.11207873859904299,0.8807107117111534,0.007140583485125407,2.421405802800555e-12,6.995958008069905e-05,7.900826760365116e-16
AATTAACGGATTTCCA-1,0.00042139386402593364,0.9992019766744787,0.0003637052116111957,2.845156447765759e-06,8.979181764191528e-13,1.0079092303029438e-05,2.3549356190442973e-13
AATTAGCGCTGCAGCG-1,2.7483608863957203e-06,0.9975062231832198,0.0024719117377611697,1.6919595931591694e-05,1.3527022176179472e-11,2.197108673721244e-06,2.4643180998556627e-16
AATTCATAAGGGATCT-1,1.0297338596299168e-12,1.9995634968913574e-05,0.0005527991389055678,0.22371057319562285,3.6607038932890277e-10,0.7757166316630638,3.3884132403587405e-13
AATTCATTGTCATGCA-1,7.428900990211696e-07,0.9869355210333438,0.013012679947747815,4.955562870923168e-05,7.715841400676198e-14,1.500500022056818e-06,8.057814202605775e-16
AATTCCAAGCATGTAC-1,0.9999789121286408,2.1083126158166587e-05,5.6423497570737315e-12,9.27628430420794e-14,4.731884803414406e-09,5.872422060330699e-12,1.7087790227743512e-12
AATTCTAGAGTTAGGC-1,2.399558084377015e-08,0.9289181088766812,0.07104341988533483,3.518428229215225e-05,2.2688163384429934e-13,3.262959828926111e-06,5.4998111088258104e-14
AATTGAACGCTCTGGT-1,7.916897365419797e-09,0.57716877341392,0.422734551539267,9.647242258725994e-05,2.896936767170455e-12,1.9470443054707075e-07,1.0039832600983155e-15
AATTTGGGACATAGTA-1,1.8467246305488208e-09,0.0451922237079153,0.9166885165270224,0.03799944794569513,5.52197764348066e-13,0.00011980997207114278,1.9130747949208667e-14
AATTTGGTTCCAAAGA-1,5.6312823338559285e-12,0.00014734408243533454,0.05626492257017734,0.797745978662551,1.206055792453353e-09,0.14584175226198404,1.2111650720525848e-09
ACAAACCATGCGTCCT-1,1.9981036086094917e-07,0.9271202122883153,0.07283497375520319,4.428691416819268e-05,4.348981917187868e-13,3.2723149400995726e-07,2.34486785024884e-14
ACAAAGCATGACCTAG-1,2.0168844598404695e-06,0.9817087644528089,0.018143261412519898,0.00013793731571637587,2.2593347119886143e-12,8.019932235593705e-06,1.1052301622922145e-18
ACAAATCGCACCGAAT-1,3.967309948135863e-08,0.9363926836508731,0.06334922609347499,0.00016848279660612033,9.595521936453731e-12,8.956777525721563e-05,1.093486177012248e-12
ACAAATGGTAGTGTTT-1,2.1755175811578034e-09,0.09114968820216804,0.7865452868181252,0.08083062736507844,6.199448982814685e-11,0.04147439537630611,8.101170506450464e-13
ACAAATTCAGATCTGA-1,6.760937413953137e-08,0.5353017330106782,0.4624656556656878,0.0021604196631229058,1.5458502286117608e-12,7.21240495887689e-05,2.3314958532957426e-15
ACAACAGCATGAGCTA-1,4.372894680903081e-06,0.5131715454305236,0.33435064395583586,0.1512705969312463,5.379068451496679e-10,0.0012028402492266013,5.79903487717557e-13
ACAACGGTCCCTGCGA-1,4.3468461912559937e-11,0.002859248523233962,0.9363711932866913,0.06073765286415973,4.549571293556933e-14,3.190528240067259e-05,4.878049724419973e-16
ACAAGCAGTGCCTAGC-1,1.3629736023875581e-11,0.008849852815616918,0.9871958528947298,0.003924381329523844,5.902599261627534e-13,2.9912945909532262e-05,3.1479646160756854e-17
ACAAGCTATATGGAAG-1,7.779554702812807e-10,0.039206284891942215,0.8864158009520704,0.07205535415125273,2.452913593341307e-09,0.002322556773861609,3.944761783917777e-15
ACAAGGAAATCCGCCC-1,4.01510133729475e-09,0.9881422968910945,0.011857085113714718,6.124851401602991e-07,6.18120695140849e-14,1.4948874240136136e-09,2.400167857868064e-20
ACAAGGACAAGAGGTT-1,0.00012480112957736865,0.5584826551178629,0.43672353419129867,0.004666935915525026,1.617766953163518e-06,4.558787824695599e-07,5.388439529645384e-16
ACAAGGATGCTTTAGG-1,8.067545427226773e-07,0.9882627401065891,0.010050645929586653,0.0007641245280812163,3.565434680434054e-10,0.0009216823245873916,6.904755727874815e-14
ACAAGGCCTACCAGCC-1,1.2324134557888897e-06,0.11947090249599727,0.6349678909364934,0.1932255665424953,1.957477720984443e-05,0.05231483134261782,1.4917306405781702e-09
ACAAGGGCAGGCTCTG-1,6.6269304770791575e-09,0.3511957135375801,0.6403426202578573,0.00845162297696189,1.7464949622882228e-10,1.0036426018851268e-05,1.8345080450895233e-15
ACAATAGTCGTACGTT-1,2.0933699746884984e-08,0.7394330126294474,0.2594635032205516,0.0009270506012633915,1.0197918302336624e-10,0.0001764125103413568,2.717225196325584e-12
ACAATCCATTTAAACC-1,5.155942897612324e-10,0.428077912555739,0.5690983567636031,0.0028042454902391717,6.11207046061061e-13,1.948467421318308e-05,2.972929977919052e-17
ACAATCGATCTTTATA-1,1.331864023362892e-07,0.2840163476163782,0.47747578823737863,0.22941474843475435,3.102521908121927e-08,0.0090929514917711,8.096418669735552e-12
ACAATGAATACGGAGA-1,8.988751788404994e-07,0.966534831741202,0.03305670291075842,0.00039949016576013274,5.243227205561912e-13,8.076306572960464e-06,3.1526333900312877e-15
ACAATTGTGTCTCTTT-1,8.563997924469768e-12,0.21925531557275327,0.7787664304352692,0.0019491027342532225,2.0114300473187745e-12,2.9151247115331483e-05,3.378047333975324e-14
ACAATTTAGGAGGCTC-1,9.078604193338648e-13,5.232419603374011e-06,0.05420356376784641,0.25801353097712704,7.49500584704051e-10,0.6877776708588897,1.226124891735756e-09
ACAATTTGAGCAGTGG-1,4.9480743952623054e-06,0.0011293403835251248,0.01493708236774249,0.9412536989785907,0.0002261396632399037,0.04242986756558699,1.8922966919581128e-05
ACAATTTGGCCATATT-1,4.403803519041748e-09,3.395079981564801e-05,0.007803060214704811,0.6649863581648381,8.702739463925594e-06,0.3271445602277585,2.336344961544862e-05
ACACAAAGACGGGTGG-1,1.016957629344926e-08,0.037431444800327146,0.23164545244907092,0.36576683032813007,7.680914875466566e-09,0.36515608859171717,1.659802634457924e-07
ACACACCAGGACCAGT-1,4.4148997886660504e-13,0.08020167756784068,0.9107180699803494,0.008728028723505116,2.149095229921135e-13,0.0003522237276482563,1.337735885256778e-17
ACACACTTTCTACACG-1,2.8682496277688873e-14,4.853966690921238e-05,0.03306929967262697,0.8588486868021848,3.740058497926526e-10,0.10803347348417913,6.534520242505044e-14
ACACATGATCAAATCT-1,6.872035038059798e-08,0.9837131222670266,0.01626117517915301,2.5068575723658774e-05,6.9073442866036335e-12,5.652508387111901e-07,1.77017365867702e-16
ACACCACATAATTAGC-1,1.0928269487569495e-10,4.744553299086866e-11,1.4815500347886994e-06,0.0015079868653860955,1.706749389887391e-06,0.004261441135231431,0.9942273835432295
ACACCCAGCATGCAGC-1,1.486928908194768e-12,0.000577075360710181,0.5175126227900704,0.4796330912124407,1.0824350818943378e-11,0.0022772106244644285,2.936257214272224e-15
