,0,1,2,3,4
AAACAAGTATCTCCCA-1,0.01442024467858027,0.9434283979817907,0.0415315869089231,1.119538409711962e-11,0.0006197704195107573
AAACACCAATAACTGC-1,0.967002049916822,0.0328670579661127,0.00012790052545358336,4.088443947002892e-14,2.991591571049911e-06
AAACAGAGCGACTCCT-1,0.00038980784665774586,0.022590509056127753,0.4410070396212035,7.940015635897275e-09,0.5360126355359952
AAACAGCTTTCAGAAG-1,0.8397105903573294,0.16013433123484935,0.0001526157666556875,3.5635192276142497e-14,2.462641129920111e-06
AAACAGGGTCTATATT-1,0.12441574218419067,0.8752117085610208,0.00037217891086011723,1.4662460116360123e-13,3.7034378180308186e-07
AAACATTTCCCGGATT-1,0.9858653367303472,0.014052136616608094,7.724453309380781e-05,1.1265200168319328e-13,5.282119838199611e-06
AAACCCGAACGAAATC-1,0.03964031947262176,0.9462053619124492,0.01384971911414789,1.7655975905900626e-10,0.0003045993242215644
AAACCGGAAATGTTAA-1,0.07960083320216972,0.9108012366074719,0.00919955640884145,8.410524544242606e-09,0.0003983653709923247
AAACCGGGTAGGTACC-1,0.7174495365198355,0.2823705283169132,0.00017988314135556764,1.0840270383327414e-15,5.202189470059802e-08
AAACCGTTCGTCCAGG-1,0.9974580958607848,0.002540672943341752,1.2298163111272723e-06,9.676196470912507e-17,1.3795623850071472e-09
AAACCTAAGCAGCCGG-1,0.9987998676674131,0.0011997282416254206,3.9494875417600234e-07,3.508162093202676e-15,9.142203552901526e-09
AAACCTCATGAAGTTG-1,0.07019297134466834,0.9233277452473282,0.006468516921882755,4.009733583655237e-11,1.0766446023410051e-05
AAACGAAGAACATACC-1,0.02938260782903533,0.035009704240600716,0.4089739574997443,1.6381008800795214e-05,0.5266173494218188
AAACGAGACGGTTGAT-1,0.008183305978736947,0.5608098338663166,0.4160402193021982,3.1522961235177026e-09,0.014966637700452118
AAACTCGGTTCGCAAT-1,0.8930317234154844,0.10293375528672541,0.0025522745654750346,2.7390199832597854e-09,0.0014822439932953473
AAACTCGTGATATAAG-1,8.5040393493699e-07,3.297471547185968e-06,0.0004328750992561333,1.5815507506678598e-08,0.9995629612097542
AAACTGCTGGCTCCAA-1,0.9512582459071889,0.04838543916662139,0.000354972203221675,7.429038669865165e-14,1.3427228937847714e-06
AAACTTAATTGCACGC-1,0.9985841572926546,0.0014152501954349725,5.907383949916704e-07,5.465305295186971e-16,1.7735148868615193e-09
AAACTTGCAAACGTAT-1,0.7957485019596845,0.2003101894801293,0.003923673004662179,1.1090783339669225e-10,1.763544461632796e-05
AAAGACCCAAGTCGCG-1,0.00024437773773449317,0.07948174846692545,0.9059428236740807,6.116350922858529e-11,0.01433105006009592
AAAGACTGGGCGCTTT-1,0.000730035635484261,0.9259064874446231,0.0731856377174511,1.8050717306988095e-09,0.00017783739736971143
AAAGCTTGCCTACATA-1,2.8590411104383058e-12,1.2337502915851514e-12,1.4541682749579366e-09,0.9999226129216361,7.738562010274746e-05
AAAGGCCCTATAATAC-1,0.980719407000347,0.018501491924534486,0.00076386657126081,1.1675313509350384e-14,1.523450384605347e-05
AAAGGCTACGGACCAT-1,0.9999587183757576,4.123187549063982e-05,4.971851520543019e-08,5.255692577447679e-13,2.971133405365805e-11
AAAGGCTCTCGCGCCG-1,0.9554359288476616,0.03529179287717581,0.007950702470288909,8.928154086549083e-13,0.0013215758039809404
AAAGGGATGTAGCAAG-1,0.00010805616283908863,0.026485841609686266,0.8775766071025497,2.603497309950068e-09,0.09582949252142751
AAAGGGCAGCTTGAAT-1,0.0001353497609242013,0.023551070345387552,0.9134084628576737,1.0182188887860014e-05,0.06289493484712652
AAAGTAGCATTGCTCA-1,0.9924327459547986,0.007563392780704293,3.856058627216492e-06,3.8970055409029876e-15,5.205866024082594e-09
AAAGTCACTGATGTAA-1,1.017692484409749e-05,0.0004329124196129562,0.28132461540661596,1.572790396149485e-09,0.7182322936761366
AAAGTCGACCCTCAGT-1,0.009066566104466156,0.9595154235283978,0.03141336354306213,4.825735252820871e-13,4.646823591563277e-06
AAAGTGTGATTTATCT-1,0.5719803599667207,0.4230269760052245,0.004837862801179202,1.2496338772392542e-13,0.00015480122675060702
AAAGTTGACTCCCGTA-1,0.00872135850454277,0.9500043943883473,0.041087529163945646,7.313290544126197e-12,0.00018671793585113273
AAATAACCATACGGGA-1,0.0009660524054630595,0.0019023363235880612,0.022942331136168146,1.138655284181147e-09,0.9741892789961255
AAATAAGGTAGTGCCC-1,1.2731882093602355e-09,1.0199606452984798e-06,0.0009393399193870843,0.9935151675199391,0.005544471326840464
AAATACCTATAAGCAT-1,0.9800925702977127,0.019691052076834237,0.00019256589586157151,4.508732747083027e-11,2.3811684504023713e-05
AAATAGCTTAGACTTT-1,0.026938946218025825,0.026343260476907868,0.037773524843265675,2.6845488549250014e-08,0.9089442416163122
AAATAGGGTGCTATTG-1,0.89172850130532,0.10817818981785428,9.224409439578761e-05,1.477176298903767e-14,1.064782415051448e-06
AAATCGTGTACCACAA-1,0.8981775071822055,0.10141195247116151,0.00040337185178537967,8.14041394077451e-13,7.168494033527073e-06
AAATCTAGCCCTGCTA-1,0.6389983762763587,0.32370155039591814,0.028237755030662847,8.916587599492642e-06,0.009053401709460833
AAATGATTCGATCAGC-1,7.521987407017992e-08,1.1880937364397448e-06,0.00042752125384660285,0.018449363010895108,0.9811218524216478
AAATGCTCGTTACGTT-1,3.992926287868065e-08,0.007692665651957908,0.988651728580115,6.45455012813479e-13,0.003655565838018923
AAATGGCATGTCTTGT-1,0.0001531239950454753,0.04104813967886298,0.921480220405122,8.441199155418205e-10,0.03731851507684971
AAATGGCCCGTGCCCT-1,0.9693953129813172,0.030457339863410385,0.00014703998653500003,7.0802312964188784e-15,3.0716873023856817e-07
AAATGGTCAATGTGCC-1,0.003003016966859266,0.966833015318068,0.030136866127710667,4.16899889836801e-13,2.710158694507732e-05
AAATGTATCTTATCCC-1,3.214586412268531e-06,0.0002900617131799389,0.1762564214006819,4.3131155551432417e-07,0.8234498709881704
AAATTAACGGGTAGCT-1,0.018617862568917815,0.9127761171972434,0.0683639824615779,4.150330443031687e-12,0.0002420377681104687
AAATTACACGACTCTG-1,0.039499273832629675,0.3689011579358086,0.5222544653024753,4.874852648255816e-11,0.06934510288033788
AAATTACCTATCGATG-1,3.297213615953947e-06,7.703694682667021e-05,0.027297512143577653,1.730525058669888e-07,0.9726219806434738
AAATTCCAGGTCCAAA-1,4.944351480394177e-06,4.3701361940103296e-05,0.0022633650821115552,4.123511956184662e-07,0.9976875768532725
AAATTGATAGTCCTTT-1,0.8716902911894482,0.12381798519513,0.004454595302715638,3.538853978252616e-14,3.7128312670711616e-05
AAATTTACCGAAATCC-1,0.003920386038785663,0.2663437589666562,0.6393026944904541,2.4999523672386675e-07,0.09043291050886737
AAATTTGCGGGTGTGG-1,0.9336304664544561,0.06593010260010496,0.00043704194039057145,1.0930911324677817e-12,2.3890039551249153e-06
AACAACTGGTAGTTGC-1,8.075722006005175e-05,0.8935187185680873,0.10632086138142328,5.9603903004337855e-12,7.966282446894892e-05
AACAATACATTGTCGA-1,0.9997374938043332,0.0002608103674983172,1.6399304201059037e-06,5.89848173513787e-15,5.589774255885557e-08
AACAATTACTCTACGC-1,0.0006166726930687508,0.19028920245148717,0.8013260894384233,1.927409619827378e-08,0.007768016142924497
AACACACGCTCGCCGC-1,0.8384456265335396,0.16070653180238995,0.0008246935329968893,1.0649084349001536e-12,2.3148130008713585e-05
AACACGACTGTACTGA-1,0.003641225860239299,0.05926424507102683,0.8693152316239667,9.03690796228563e-06,0.06777026053680509
AACACGAGACGCGGCC-1,0.16274382455958322,0.835078866481083,0.0021701875784094125,5.715732429597107e-15,7.1213809185923485e-06
AACACGCGGCCGCGAA-1,0.0006427014597859875,0.18926969388514334,0.8082254606951881,3.432378981675806e-06,0.0018587115809010327
AACAGCTGTGTGGCAA-1,0.991844289298296,0.0081182017533531,3.71532579782211e-05,4.1864342647060235e-16,3.5569037197834794e-07
AACAGGAAATCGAATA-1,0.013990867946087752,0.5304635926655175,0.45481610042087334,1.1128102399263945e-12,0.0007294389664085871
AACAGGATGGGCCGCG-1,0.010765156607781797,0.9494632891847947,0.039180386501339606,1.3076083541634205e-10,0.0005911675753231187
AACAGGTAGTATGGAT-1,0.0747672614267434,0.741813252960235,0.12166476553620499,1.5755966434438412e-08,0.06175470432085011
AACATATCAACTGGTG-1,0.0006218326689395631,0.20981049822728967,0.7319389922750437,5.8659200154503135e-06,0.05762281090871159
AACATTGTGACTCGAG-1,0.9986519604313618,0.001347712147953109,3.2737852533463154e-07,2.3182612903658074e-12,3.984120313083758e-11
AACCAAGACTTCTCTG-1,0.00340340358479955,0.9849556141429465,0.011595241186827004,2.1326525300555515e-12,4.574108329435451e-05
AACCAGTATCACTCTT-1,0.04285230890703929,0.6068765275492285,0.3139559744078065,6.860763795220597e-07,0.036314503059546276
AACCATGGGATCGCTA-1,0.000181417343439155,0.21961894437003274,0.7756408915466925,2.3487208188734215e-14,0.004558746739812218
AACCCAGAGACGGAGA-1,0.021176069709887342,0.27471836025847113,0.6939630088345665,4.206643858771202e-09,0.010142556990431349
AACCCATCCCATGATC-1,0.9993651750314682,0.0006342522884697642,5.699166841647579e-07,1.0898711626700416e-15,2.7633768506669845e-09
AACCCGAGCAGAATCG-1,0.9804065533396102,0.01957909846364428,1.3540706631806414e-05,7.300746561821409e-14,8.074900407015051e-07
AACCCTACTGTCAATA-1,0.002765953156310943,0.14361787779556426,0.5400326878623802,5.771892298541074e-08,0.31358342346682155
AACCCTGGTGGAACCA-1,0.0008597952724668842,0.007841349295925351,0.20643704000151564,2.8647826925360248e-08,0.7848617867822653
AACCGAGCTTGGTCAT-1,1.2472172857220249e-05,0.08996773964370879,0.9046686631291705,7.097884473998917e-09,0.0053511179563789785
AACCGCTAAGGGATGC-1,0.07614554674952029,0.9118145799715961,0.012024089893248109,3.236791918077479e-13,1.5783385311947365e-05
AACCGTTGTGTTTGCT-1,8.041198513930317e-06,0.004988415830587485,0.7237570052967525,3.962233632018083e-09,0.2712465337119126
AACCTCGCTTTAGCCC-1,0.9992266376021214,0.0007434002466463496,2.320804259271493e-05,1.1073163769899113e-12,6.754107532026071e-06
AACCTGTCACGGAATT-1,7.318834808191488e-07,0.00025534796611853885,0.014286853623265601,3.6043473073921946e-10,0.9854570661667004
AACCTTTAAATACGGT-1,0.9983442805166655,0.0016552337147935502,4.794638794892572e-07,1.3324164966018808e-16,6.304661112871469e-09
AACCTTTACGACGTCT-1,0.002877025994009998,0.12427591388030769,0.31241713361985196,5.8523423947615284e-08,0.5604298679824063
AACGAAAGTCGTCCCA-1,0.9855747247220622,0.014343126380115884,7.709169369353137e-05,8.883666647196862e-14,5.057204039531969e-06
AACGATAATGCCGTAG-1,0.9781459832618514,0.021831690840470732,2.1591681773123566e-05,2.963167734391659e-12,7.342129414408075e-07
AACGATAGAAGGGCCG-1,2.809066994180198e-06,0.007268755097771693,0.6616285299594421,1.1492118810347917e-09,0.33109990472658
AACGATATGTCAACTG-1,3.8728604639132625e-05,0.004027151880284559,0.5779132350660794,2.029578663487486e-08,0.41802086415321044
AACGCATGATCTGGGT-1,6.174818890083775e-08,7.96327623645302e-06,0.0013677884224565476,7.54144568955124e-10,0.9986241857989735
AACGCGAACGGCAACA-1,0.0038131722486422965,0.2766766328867871,0.7106687938728533,4.1387589664952395e-09,0.008841396852958183
AACGCGGTCTCCAGCC-1,0.00040550708875021946,0.05146943206927087,0.707467619831142,2.050886286703174e-06,0.24065539012455014
AACGCTGTTGCTGAAA-1,0.5845985477547148,0.41324238953828984,0.0021044110198809494,7.018798490959534e-11,5.465161692650865e-05
AACGGACGTACGTATA-1,0.9753877472586729,0.024504014037464612,9.682721251125217e-05,9.026515062947504e-14,1.1411491260922854e-05
AACGGCCATCTCCGGT-1,0.9742080133467704,0.025754954393189942,3.673286901100784e-05,2.437006527474004e-14,2.9939100402635736e-07
AACGTACTGTGGGTAC-1,0.9749615597575213,0.02502151607376903,1.6887516310458115e-05,6.851203891556796e-14,3.6652330707209283e-08
AACGTCAGACTAGTGG-1,0.00033003296168670625,0.0734675133322813,0.8874410185865814,1.1152730181568066e-08,0.03876142396672043
AACGTGATGAAGGACA-1,7.054917273767131e-05,0.00641679205274828,0.34892884938186347,2.3560527266947655e-10,0.6445838091570452
AACGTGCGAAAGTCTC-1,0.0005935980168217235,0.9088089236550794,0.0902785773455596,2.2955788667600538e-10,0.00031890075298163386
AACGTTATCAGCACCT-1,4.437336228289655e-06,0.008461485173384542,0.7623383773778774,6.3079269853398425e-12,0.22919570010620197
AACTACCCGTTTGTCA-1,0.03282695515491716,0.8483286819897735,0.11300721890193227,2.0202639695269933e-11,0.005837143933174204
AACTAGGCTTGGGTGT-1,0.9985862286901055,0.0014092655860301682,4.456377875659107e-06,2.853859142547012e-17,4.934598881303092e-08
AACTCAAGTTAATTGC-1,0.043086513953004696,0.9090912591944676,0.04759541742879036,5.511723939930512e-12,0.00022680941822572666
AACTCCAGAGCGTGTT-1,0.9939620566980214,0.005979096547353185,5.7694999451037726e-05,2.2095759130880577e-14,1.1517551522421096e-06
AACTCCTAATCCCATG-1,1.0639391930884056e-05,0.0025944056496109602,0.2286192703532259,1.167861087275589e-11,0.7687756845935536
AACTCGATGGCGCAGT-1,0.00016170348876044267,0.07461794435701076,0.8582758080274574,3.0573340582842165e-10,0.06694454382103787
AACTCTCAATAGAGCG-1,3.9137094898979594e-06,0.000337881954393044,0.02952462130693562,1.0072481136616956e-10,0.9701335829284568
AACTCTCAGTGTGCTC-1,0.909022535074922,0.08678838344994712,0.004121125503650423,1.2269232283015358e-11,6.795595921103488e-05
AACTGAGTTATACTGA-1,0.2531655429212414,0.38942222794569925,0.3428230669044007,3.48588442151735e-05,0.014554303384443494
AACTGATATTAGGCCT-1,0.00047405203850563773,0.08799770438338679,0.8235629075366461,2.8146486854656276e-10,0.08796533575999664
AACTGGGTCCCGACGT-1,0.0009833686485716813,0.3225752935960094,0.6671109383903661,1.9552754101253657e-07,0.009330203837511606
AACTGGGTTCGAGCCG-1,0.4910560172934357,0.3745152207988936,0.12133080123624052,7.211720899221335e-13,0.013097960670709037
AACTGGTGTGGGCCTT-1,4.1929050440700304e-08,4.7629970857287536e-06,0.024806395356146458,2.266631550339216e-06,0.9751865330861671
AACTTCTGCGTCTATC-1,0.0036815251015181235,0.610057524919138,0.38559666586054836,1.1230837973385855e-11,0.0006642841075646357
AACTTGCCCGTATGCA-1,1.1542726365716504e-05,0.282205607113383,0.703002526512869,6.401517927183411e-09,0.014780317245864524
AACTTGCGTTCTCGCG-1,1.5945792731275418e-06,0.002634762149427984,0.8525871479869724,3.5143634639503743e-08,0.14477646014069184
AACTTTAGCTGCTGAG-1,0.00027265281379051346,0.02174307040585693,0.9442409495565138,2.3219128802859086e-07,0.03374309503255077
AACTTTCTCGATCATG-1,8.867779017858733e-14,4.0900433621211927e-13,3.8946682271693776e-11,0.999999998294389,1.6661666363032376e-09
AAGAAATCACCAGATT-1,2.0748133819139743e-09,3.54377096937856e-08,3.2092853010263146e-06,0.9991702173655059,0.000826535836669908
AAGAAGGATCAGTTAG-1,5.7829339648374e-07,0.0001914742268059131,0.1383968743911382,2.1713985554493634e-07,0.861410855948804
AAGACCCAACTGAACA-1,0.9999532342252564,4.666119725894011e-05,1.0179572339895818e-07,3.435802380043586e-17,2.7817613922935654e-09
AAGACTGCAAGCTACT-1,0.006853736506698236,0.8514692005289458,0.14088603099756977,2.6406320888782137e-11,0.0007910319403798814
AAGAGATGAATCGGTA-1,0.14816092272140222,0.8466177397310021,0.005206934688143301,1.2291002010702554e-12,1.440285822344485e-05
AAGAGCTCTTTATCGG-1,0.00012999244627329203,0.18649293581750193,0.8125417168790883,2.6757562933076135e-10,0.0008353545895608611
AAGAGGATGTACGCGA-1,0.047367693880870976,0.9445998026272188,0.007999994028204694,2.8290074256413725e-11,3.250943541538556e-05
AAGAGGCATGGATCGC-1,0.007823332938141919,0.602645084830493,0.388385088097729,3.4969089439872824e-12,0.0011464941301392974
AAGAGGCCCTTTGGAA-1,0.9843140382649156,0.015560459905832491,0.00010494254180780652,1.905609496459403e-11,2.0559268387754533e-05
AAGATGGCACCGGACC-1,0.9993350334482508,0.0006560295884906489,8.342781997063792e-06,2.36543558279797e-14,5.941812377713485e-07
AAGATTGGCGGAACGT-1,2.072589636515335e-05,5.125039849496072e-05,0.02066906408977943,6.0453596590516656e-09,0.9792589535700008
AAGCACCCTGCGTATC-1,0.9983739362476526,0.0016061701895186845,1.926830851480762e-05,1.3028521525688376e-15,6.252543126678732e-07
AAGCATACTCTCCTGA-1,0.897146299269707,0.10224527337475663,0.0005900315873251245,9.582489287510768e-14,1.8395768115418858e-05
AAGCCGAAGCGGTTTA-1,0.4780046701139585,0.478709069205174,0.040053981774055114,8.422230787889867e-11,0.003232278822590166
AAGCCGCCGTGAAATC-1,0.5131689728770025,0.4831659738928886,0.0036628093335758054,3.9739831963168944e-16,2.24389653282024e-06
AAGCCGCTTTACCTTG-1,1.586235537960482e-08,7.946747742151881e-06,7.475079586770693e-06,0.9999844725613538,8.974896203131121e-08
AAGCGGCGTCATGGGT-1,4.370060411733867e-06,0.005804337349546205,0.6761909712666407,3.4438511259850747e-10,0.3180003209790162
AAGCGTCCCTCATCGA-1,0.9737186281620428,0.02573303293920522,0.000529987810458388,2.041349717539834e-12,1.8351086252008686e-05
AAGCTAGATCGAGTAA-1,0.991692108216453,0.00830523310283617,2.6313404957738876e-06,1.7008516588385856e-15,2.7340213478333786e-08
AAGCTCGTGCCAAGTC-1,0.00028142271191465156,0.3563440794881176,0.6211461709188033,5.220801820276513e-08,0.0222282746731463
AAGCTCTTTCATGGTG-1,0.9803686672079156,0.019527823759056484,0.00010057643788532543,1.410865467539583e-16,2.9325951424608093e-06
AAGGAGAACTTATAAG-1,0.5145506429305249,0.41936825013962326,0.0637893615948291,2.177490011474215e-11,0.0022917453132480165
AAGGAGCGGTTGGTGC-1,0.0074947848997603496,0.5715038984952382,0.4089079092783169,2.7148006693922415e-09,0.012093404611883865
AAGGATCGATCGCTTG-1,0.00018248948233776763,0.0005855463887757601,0.008975585966229696,4.655292813252586e-09,0.9902563735073641
AAGGATGAGGGACCTC-1,0.014082257462195182,0.050278321475621265,0.607353808148605,0.09102938310041628,0.23725622981316238
AAGGCAGGCTGTCTCC-1,0.0006399685211622907,0.06333073588767175,0.403503601177167,2.230793780021203e-10,0.5325256941909197
AAGGCGCGTAAAGCTT-1,0.0005442906768357897,0.1883628724909485,0.791494023122056,8.130448736609518e-11,0.019598813628855304
AAGGCTGTGCTCATCG-1,0.010825997186261812,0.9817378481684185,0.007435369918094362,3.931699446704841e-13,7.847268322050132e-07
AAGGGAACGACTGGCT-1,0.9754582222373352,0.024482433617692975,5.9241563438569277e-05,2.664253262073626e-13,1.0258126659436787e-07
AAGGGACAGATTCTGT-1,2.69032748076481e-06,8.567991588824563e-05,0.02769645966021333,5.216727660036622e-06,0.9722099533687576
AAGGGACTATGCATTC-1,0.9884591833661098,0.011507485451145346,3.326044576807272e-05,6.841805903966473e-16,7.073697604250415e-08
AAGGTATCCTAATATA-1,1.8529846157545652e-06,5.0534799730524975e-06,0.013810353009030595,1.8604009300265171e-10,0.9861827403403405
AAGGTGATAAACCAGC-1,0.01405272506069067,0.9577832047790316,0.027471627917333246,6.9528014690734634e-12,0.0006924422359916021
AAGTAGAAGACCGGGT-1,0.0018296983172902074,0.030840687933347252,0.9435533909338885,1.8580226022474305e-09,0.023776220957451334
AAGTAGTGACGCGAGG-1,4.554143711203562e-05,0.6916821482371285,0.3081405702396615,2.4669796376995412e-11,0.00013174006142811296
AAGTCAATTGTCGTCA-1,0.3660330424958322,0.5698357145962114,0.05478202612937921,1.8380927824556864e-10,0.00934921659476788
AAGTCTAGTAGCTGCC-1,1.5156255375957895e-21,3.5238889816980525e-20,2.370867106275317e-15,0.9999999999832745,1.6723080241033948e-11
AAGTGACGACCGAATT-1,0.07323726280333963,0.9187575752314264,0.007978686408644894,6.221126188298229e-14,2.6475556526709285e-05
AAGTGAGTCGGGTTTA-1,0.9978397218444774,0.0021595241207580866,7.53466287001073e-07,7.17527445850338e-18,5.684775814221305e-10
AAGTGCAAAGGTAGAC-1,0.0009611723664630674,0.7439808543362567,0.25471311567871996,2.142856671741713e-10,0.0003448574042746837
AAGTGCCTTGACTGTA-1,0.007502106037738421,0.7446915180328054,0.2407455528257677,3.7362933628187355e-12,0.007060823099952202
AAGTGCGTTAGAATCT-1,0.836071777587834,0.16385728584396086,7.091067879764966e-05,1.4266617854070766e-13,2.5889264716927266e-08
AAGTGTTTGGAGACGG-1,0.49868984559589347,0.5011577128192956,0.00015242158346170223,1.9142872965081345e-14,2.000133001889466e-08
AAGTTCACTCCAAGCT-1,0.9963818834458859,0.0035861978635006665,2.9715235720294425e-05,1.237722209094923e-15,2.2034548919660645e-06
AAGTTCAGTCTGCGTA-1,2.4561417883584918e-05,0.003918246676292708,0.08621866940041666,1.1629116988255297e-06,0.9098373595937083
AAGTTCGGCCAACAGG-1,0.9664584557744013,0.03347884909122698,6.254898394727466e-05,2.1775571586453917e-13,1.4615020651784643e-07
AAGTTTACTAATGGCA-1,0.0026991213983581764,0.019573848512262668,0.26367777486345567,6.659173586880278e-06,0.7140425960523367
AATAACAACGCTCGGC-1,0.056596000354027905,0.7604134341919703,0.17655813944641882,2.220016985468881e-09,0.006432423787566187
AATAACACTAGAACAA-1,0.44729669889930074,0.5417161666044695,0.010939026018351033,2.9780850184227523e-13,4.810847758090973e-05
AATAAGTCCTCGAGAC-1,4.8933191491987894e-06,0.0008082305526056342,0.0041568533966620785,0.9879280016422409,0.007102021089342264
AATAATCTTCGTATCG-1,0.043877898004447316,0.8651729782499802,0.08392072567193597,7.976870331693396e-09,0.0070283900967661956
AATACAATGTTTCAGG-1,4.1398502632215665e-06,0.0257689932909899,0.9219770246042164,8.180605434880992e-11,0.05224984217272445
AATAGAACAGAGTGGC-1,0.9984048848938137,0.0015937434988705697,1.3597034786652893e-06,4.167595180962097e-15,1.1903832677981817e-08
AATAGAATCTGTTTCA-1,0.9219584423953375,0.07801045826549087,3.062320519112758e-05,2.8900410618682663e-13,4.7613369135109607e-07
AATAGCTACCGCGTGC-1,5.796013291810768e-06,0.00012090479052248557,0.008805654519404255,6.48390008497451e-08,0.9910675798377806
AATAGTCCGTCCCGAC-1,0.9992882716738215,0.0007115552900922535,1.7269801015181124e-07,1.2939076429886948e-16,3.380758965592973e-10
AATAGTCGCGAGTCGG-1,0.003237923533799424,0.10706412858698527,0.7246842729276682,0.027608175929331572,0.1374054990222156
AATATCAAGGTCGGAT-1,0.00012065191097997451,0.013875637901372787,0.8033462039234897,1.4161188236192732e-10,0.18265750612254575
AATATCGAATCAATGC-1,0.21064778573470425,0.7843879941716303,0.004956454884557445,3.2687838306964975e-12,7.76520583908578e-06
AATATCGAGGGTTCTC-1,1.7620883430320587e-06,1.963166563032708e-06,0.00036373216210133975,0.991903921659627,0.007728620923365521
AATATTGGAGTATTGA-1,0.010784758514930723,0.9874996189673411,0.0017147085978838957,1.743685465351923e-13,9.139196700412735e-07
AATCATGTAAAGACTC-1,0.9925988669059456,0.0073855359394454055,1.3747041356421506e-05,1.763755519019177e-11,1.8500956149534678e-06
AATCCAAGGGCCTGAG-1,0.002036146245448845,0.38762582353020625,0.5818039995679853,4.0432189650779565e-10,0.028534030252037705
AATCCATGCAAGGGTG-1,0.00016858031147781263,0.07024031649079698,0.9267513257843384,1.31257253898038e-09,0.002839776100814334
AATCGCCTCAGCGCCA-1,0.0014377421084532205,0.2814150639537062,0.6847511659021913,1.1997597066107442e-11,0.0323960280236517
AATCGCGCAGAGGACT-1,0.00048709209843391586,0.003505381133209945,0.04533001488874324,4.560951778863524e-10,0.9506775114235179
AATCGGGACACTACGA-1,4.775463770209732e-09,1.479414771556903e-05,0.12393394687186866,7.116803693407796e-08,0.8760511830369151
AATCTAGGTTTACTTG-1,0.9888273359953942,0.011157717008998232,1.482775497670437e-05,1.5343523442523554e-15,1.1924062936589868e-07
AATCTATGCCGGAGCC-1,0.7710517573865515,0.16568244050399392,0.004161130874865735,0.041834006771408014,0.017270664463180953
AATCTCTACTGTGGTT-1,0.040868956423609076,0.9547697114757514,0.004351637513183951,5.941088035814614e-13,9.69458686157228e-06
AATCTGCGTTGGGACG-1,4.4093755160736344e-09,1.558317672396205e-05,0.017560095170993585,3.686005634256187e-08,0.9824242803828506
AATCTGGCTTTCTAGT-1,0.9919738876989438,0.008021919471071622,4.173637187626431e-06,3.4221922812564614e-15,1.9192793527340755e-08
AATCTGGGTAGACCCT-1,0.291238235081054,0.6092739575029544,0.09729922202097917,3.1299636084129774e-09,0.0021885822650486502
AATGACAGCAATGTCT-1,0.9958862774680135,0.004110809730821995,2.8917154246140974e-06,2.8854650643565096e-15,2.108573688985301e-08
AATGACGTAGGATGTC-1,0.9423443663275488,0.05763200614739484,2.362051161392269e-05,2.0456891853312477e-16,7.013442066696251e-09
AATGACTGTCAGCCGG-1,5.9114275844719974e-05,0.016114882651548337,0.9462285650164589,2.4922662403191827e-11,0.037597438031225144
AATGAGTTCGCATATG-1,1.599304494170945e-05,0.028314563034683785,0.93060264647027,2.100488856009826e-08,0.0410667764452159
AATGATGATACGCTAT-1,5.480536809049817e-07,3.326145630676594e-05,0.029565789472345894,2.8399357639916972e-06,0.9703975610819026
AATGATGCGACTCCTG-1,1.4574747984625222e-06,0.002334310752613228,0.139233760421624,0.7736487461176036,0.08478172523336075
AATGCAACCGGGTACC-1,0.00047811064144819503,0.1827567191621996,0.5803384749451853,4.623325580206885e-08,0.23642664901791116
AATGCACCAAGCAATG-1,6.767234461121742e-07,5.5613017642354365e-05,0.02079163252498416,1.0239653649553439e-06,0.9791510537685624
AATGGTCCACCGTTCA-1,0.0009819829296855926,0.7915058110494231,0.20745531885031046,1.7616652006393703e-10,5.6886994414229695e-05
AATGGTTCTCACAAGC-1,1.32189290700624e-05,0.003781292087947801,0.6869679149405048,6.867729987715662e-09,0.3092375671747474
AATGTGCCCGAGGTGT-1,0.9993981303682093,0.0006010580523844693,7.991977912354199e-07,3.617933532717538e-16,1.2381614601704509e-08
AATGTGCTAATCTGAG-1,0.880429812776708,0.11148346175872823,0.00694731400520871,1.1160165518585661e-12,0.0011394114582389731
AATTAAAGGTCGGCGT-1,0.08507748435605997,0.9002897897266896,0.014558182359797573,9.034263673078456e-14,7.454355736265455e-05
AATTAACGGATTTCCA-1,0.999371925213806,0.0006210611171537518,3.681987300494703e-06,7.185892029079938e-13,3.3316810211606037e-06
AATTAGCGCTGCAGCG-1,0.9959758918760727,0.003994206883477153,2.656524195518039e-05,7.874530446001139e-14,3.3359984162082347e-06
AATTCATAAGGGATCT-1,9.156852980237771e-06,0.0002635583496107249,0.102641958164593,2.8898454349641943e-11,0.8970853266039176
AATTCATTGTCATGCA-1,0.9821172137709483,0.017819995984980484,6.194851322152766e-05,2.286504992226807e-14,8.417308268492784e-07
AATTCCAAGCATGTAC-1,0.9999984728785676,1.4483641661051488e-06,1.1096589949919715e-08,1.996309723733348e-09,6.566436675036391e-08
AATTCTAGAGTTAGGC-1,0.905776484018488,0.09416308778360295,5.8722766507259294e-05,6.94655413945289e-12,1.7054244552957321e-06
AATTGAACGCTCTGGT-1,0.4771935290215284,0.522604366973903,0.00020190415118324866,5.082593378649922e-13,1.9985287701910913e-07
AATTTGGGACATAGTA-1,0.0367281842304124,0.8980287665187515,0.06517630326377669,1.0478991177332586e-12,6.67459860114342e-05
AATTTGGTTCCAAAGA-1,0.00011249263379179568,0.04306906728472529,0.8174892886008494,5.564038640217408e-08,0.13932909584024716
ACAAACCATGCGTCCT-1,0.9098763152127899,0.09002876426195064,9.473507683232987e-05,4.5875604858377416e-12,1.854438396330507e-07
ACAAAGCATGACCTAG-1,0.9661572961169408,0.03349082799479373,0.0003422888673375592,3.273061127461493e-16,9.587020927594469e-06
ACAAATCGCACCGAAT-1,0.911492857033627,0.08813731957757474,0.0002971927370149032,2.0261907360980488e-10,7.263044916398361e-05
ACAAATGGTAGTGTTT-1,0.06691313493007953,0.787726348596225,0.11761592996690469,3.413731207308452e-11,0.02774458647265334
ACAAATTCAGATCTGA-1,0.41559782258076666,0.5798950968003452,0.004462968054743295,1.0866287017015512e-13,4.4112564036177905e-05
ACAACAGCATGAGCTA-1,0.4999940232129911,0.33151726490523326,0.16616613764510038,9.984940176964886e-11,0.002322574136825838
ACAACGGTCCCTGCGA-1,0.0031875010164421733,0.8895954947194854,0.10715743444488439,1.6136682300809454e-13,5.9569819026690624e-05
ACAAGCAGTGCCTAGC-1,0.006275595173845936,0.9830024352581221,0.01065495114785253,3.33901517606883e-14,6.701842014598123e-05
ACAAGCTATATGGAAG-1,0.0252834660484059,0.8674483899032204,0.10255418899591033,4.775937300922291e-12,0.004713955047687396
ACAAGGAAATCCGCCC-1,0.9788884383976,0.021109513151502685,2.0463704911416927e-06,1.9245513722847813e-16,2.0804061884557833e-09
ACAAGGACAAGAGGTT-1,0.38652939478386494,0.6073115616030249,0.00615717612671801,1.693107156795438e-13,1.8674862227881037e-06
ACAAGGATGCTTTAGG-1,0.9821836710592384,0.01586183446985843,0.0010376398400874117,7.620300935085539e-12,0.0009168546231955912
ACAAGGCCTACCAGCC-1,0.05600526926019135,0.6040643596613032,0.28076873260248036,8.775619755203409e-08,0.05916155071982766
ACAAGGGCAGGCTCTG-1,0.31125633263503455,0.67238316723917,0.016339171830497847,8.034431099158403e-12,2.1328287263276913e-05
ACAATAGTCGTACGTT-1,0.631924280838679,0.365968774260257,0.0019980693897141536,2.435055957625333e-10,0.0001088752678443
ACAATCCATTTAAACC-1,0.3724768285388819,0.6218556063391869,0.0056333152404186605,6.156279842823321e-14,3.4249881450711964e-05
ACAATCGATCTTTATA-1,0.18812729737987763,0.4736107126068589,0.3267734207996512,1.134544729036027e-09,0.011488568079067571
ACAATGAATACGGAGA-1,0.9597248508979432,0.03977497300216708,0.0004947092543755604,2.1695659531393658e-13,5.466845297023384e-06
ACAATTGTGTCTCTTT-1,0.18827589104782114,0.8072695665734821,0.0044268337875313715,1.0314607096047716e-10,2.7708488019314978e-05
ACAATTTAGGAGGCTC-1,3.277053909707559e-06,0.036304864639776564,0.23001064924614048,6.312324745305443e-08,0.7336811459369258
ACAATTTGAGCAGTGG-1,0.0013874732543346598,0.019719678106704868,0.8571103125422651,0.0012899320028613378,0.12049260409383405
ACAATTTGGCCATATT-1,2.292225408203804e-05,0.005453753793642052,0.5351261762072561,0.000357196921773028,0.4590399508232468
ACACAAAGACGGGTGG-1,0.03952330341625568,0.27474251113157416,0.456873037948643,2.135922769608321e-06,0.22885901158075753
ACACACCAGGACCAGT-1,0.0698981704066299,0.9062422040161374,0.023063946252088196,2.77810323863667e-13,0.0007956793248663853
ACACACTTTCTACACG-1,2.9361160569010473e-05,0.020989588416667464,0.7259879657419689,9.935047354471449e-11,0.252993084581444
ACACATGATCAAATCT-1,0.9724815043832955,0.027462016597600687,5.577617928502622e-05,1.5898757782908235e-13,7.028396598638353e-07
ACACCACATAATTAGC-1,2.0279372770697774e-09,6.827999427304962e-05,0.032885242182011415,0.7810369491453438,0.1860095266504344
ACACCCAGCATGCAGC-1,0.00032436489617699774,0.2787053218751245,0.7173496123651019,2.733557720922933e-12,0.003620700860863092
ACACCCGAGAAATCCG-1,0.0004940693478499528,0.36670729637431576,0.6306684507135147,3.254303927265477e-11,0.0021301835317764687
ACACCGGTCTGACCGC-1,0.9706262207386454,0.028681533593079997,0.0005846787212861377,4.943045898724638e-08,0.00010751751652925942
ACACCTTAAGTAGGGC-1,0.0008776255197115828,0.5659098052321446,0.4322875550007746,1.3601821528544868e-10,0.0009250141113511253
ACACCTTACTACTTGC-1,0.0010043359855526756,0.591580314141255,0.34131911237533613,1.4964274023320148e-09,0.06609623600142867
ACACGAGACTCCTTCT-1,0.13851704855577493,0.2865163725178788,0.5668296602681376,4.140852044578889e-08,0.008136877249688031
ACACGGCACTATGCAT-1,4.009961376041047e-05,0.0072069600617712245,0.18687202555042165,1.9240983311813293e-05,0.8058616737907349
ACACGGGAACTTAGGG-1,0.0010637854179100048,0.1528404608435959,0.7681128610509184,1.4599223618168916e-11,0.07798289267297649
ACACGTAGGCCACAAG-1,0.9901524742357672,0.009845816890283231,1.7023244851707605e-06,1.716842612596052e-15,6.549462544853298e-09
ACACTCCAATGTCACT-1,0.00016841145515894445,0.36865913342997053,0.6275589191481803,5.477412928075525e-08,0.0036134811925610777
ACACTGATCAAGGTGT-1,0.9898512205390503,0.010083413454770115,6.303610367229259e-05,3.725787389895314e-11,2.329865249424341e-06
ACACTGGGACAGTCGT-1,0.9923387613958826,0.007653230539091632,7.432577428614825e-06,2.452595217284689e-14,5.754875726516216e-07
ACAGAACTGAGAACAA-1,0.9878616551032579,0.01200719136843309,0.00012654094632137016,3.2497501737845034e-12,4.612578738038565e-06
ACAGATTAGGTTAGTG-1,1.2158827149671512e-07,3.730914092114479e-06,0.00468611472493456,2.97564559066788e-11,0.9953100327429453
ACAGCATAGAGCCAGT-1,8.244133441939748e-05,0.010550805245965848,0.8254796462347656,0.00012434809300130637,0.16376275909184781
ACAGCGACATTCTCAT-1,0.984118469788572,0.015635861469144474,0.0002370189167822848,2.84635571140616e-13,8.649825216506082e-06
ACAGCGCACCCGCAGC-1,2.1527553990410524e-06,0.0006225437522372022,0.16246354330935048,1.4841811365806584e-08,0.8369117453412018
ACAGGCTTGCCCGACT-1,0.998951440248146,0.0010485477184905203,1.1986903267005627e-08,2.9053275667023866e-17,4.646015754545926e-11
ACAGGTGGAGGTGAGG-1,0.9827059086568183,0.01725625898799446,3.771669554962993e-05,1.6043759121464162e-14,1.156596215186481e-07
ACAGGTGTGTTGTTGC-1,0.019716283461002217,0.9448947101336981,0.035213312876183504,1.6315992923249404e-10,0.00017569336595650302
ACAGTAATACAACTTG-1,0.6895130843188622,0.3064121197794063,0.0038104677741670535,2.176127189144718e-11,0.00026432810580314964
ACAGTATACCGTGGGA-1,1.2128575762782225e-08,4.175076116713814e-08,7.741698302626855e-05,4.293904852267156e-06,0.9999182352327846
ACATAAGTCGTGGTGA-1,0.9859319094214186,0.014058503928177472,9.30462383759079e-06,1.788005624807227e-14,2.8202654853335247e-07
ACATAATAAGGCGGTG-1,0.0028880909129670542,0.0960719089599017,0.6913390045702622,7.826560381373314e-08,0.20970091729126544
ACATCAGCTGGGACGC-1,0.031352401704847384,0.9404112028597389,0.028220770248668654,2.161975078846266e-14,1.56251867234414e-05
ACATCCCGGCCATACG-1,0.9885889361821781,0.01100127959193512,0.0003762222555648172,7.031459738435559e-14,3.3561970251665055e-05
ACATCCTGGTAACTGT-1,0.0008390431887892799,0.7356800740207043,0.2595422071387166,8.894692825302239e-13,0.003938675650900369
ACATCGATCGTTTACC-1,0.9985437994920581,0.0014537450964672177,2.4155266667161045e-06,9.494581341962543e-15,3.9884798372234966e-08
ACATCGGTCAGCCGCG-1,0.7923667169511855,0.206710019887328,0.0009226673239799008,5.44967941720189e-13,5.95836961723336e-07
ACATCGTATGCAATGG-1,0.21767358787556423,0.7771846780785112,0.0051095912346377685,7.016898532273927e-13,3.214281058517788e-05
ACATCGTTAACCTAGT-1,6.515623034462673e-06,0.006763463661429811,0.4645237400968121,2.739633603327109e-10,0.5287062803447604
ACATCTCAACGCGTAA-1,0.2967411305106179,0.21897287347862457,0.3803924292503611,4.209880899946382e-08,0.10389352466158737
ACATGGCGCCAAAGTA-1,0.04303482054968179,0.7801958447467704,0.13637402509237714,1.7042201626321693e-11,0.04039530959412869
ACATTAGTTTATATCC-1,0.9958990130898849,0.004047313800186138,5.200821207463335e-05,2.1655888059535861e-13,1.6648976378634746e-06
ACCAAACTAGAAATCC-1,0.022765543657095058,0.3650570220658181,0.48353522642304014,1.9257925800465417e-08,0.12864218859612095
ACCAACACCACACACT-1,9.208024438491383e-08,2.295374157950293e-05,0.00426832217974726,0.0018172044049720457,0.9938914275934569
ACCAACGCTTATTTAT-1,0.9962835231516075,0.0037009119664076686,1.5447359745338902e-05,2.61951937318067e-15,1.1752223690556259e-07
ACCAAGAACGCGTGTC-1,2.191693063436863e-06,0.009165364803196057,0.9872612397690186,4.044972447560097e-10,0.0035712033302246855
ACCAATATGCAAGTTA-1,0.996498929608235,0.003492758469393171,7.092070719429762e-06,6.053611912572472e-16,1.2198516516407307e-06
ACCACAACTCAGAACA-1,3.333934608620181e-08,4.866479745253062e-06,0.004853063759000832,4.621321524469656e-09,0.9951420318005862
ACCACAAGTTTCTATC-1,0.04007375105877238,0.7585754254326948,0.1180534312586717,3.473290876527126e-11,0.08329739221512815
ACCACCAATGTAACAA-1,0.0018461489260122102,0.6553577929317317,0.32270825165773187,6.513795019685675e-11,0.02008780641938648
ACCACCCTCTCTTCTA-1,2.5507668980125676e-12,1.1784591402236253e-11,1.4414665830027327e-09,0.999998332521675,1.6660225230159753e-06
ACCACGTGCAGCTATA-1,0.47427290002026423,0.5232328823552169,0.0024467443964323763,1.045674715353241e-10,4.747312351897466e-05
ACCAGACCATAACAAC-1,0.002623535126534277,0.676126756249099,0.2596992959687169,7.051485199225985e-08,0.061550342140797666
ACCAGCCCGGTCTTTG-1,0.00023527716810325743,0.10120567721920984,0.6250273545005013,6.3097633204768525e-06,0.2735253813488652
ACCAGTGCCCGGTCAA-1,0.6566996508967848,0.29719410424548465,0.03454963187225758,2.178471891995084e-08,0.011556591200753953
ACCAGTGCGGGAGACG-1,0.5014395438356335,0.497807308704783,0.0007480016693434102,1.1241223428980776e-14,5.145790228795971e-06
ACCATATCCGCAATAA-1,0.024025621047382054,0.8759102036082904,0.09975009281106609,4.36955521893066e-13,0.00031408253282442616
ACCATCCGCCAACTAG-1,8.476799051206187e-05,0.9883661768013718,0.011529894138975842,3.8033129269115736e-11,1.9161031107243766e-05
ACCATCGTATATGGTA-1,0.6583025644356456,0.3397633635016235,0.0019324263055435558,1.0541429560496506e-13,1.6457570821025384e-06
ACCCAACGCCCGTGGC-1,1.7593587521061754e-07,0.0014569479906870206,0.5109216185164056,6.539573822434981e-09,0.4876212510174585
ACCCACCTACATGCTC-1,0.000155816283068677,0.23733025491386553,0.7608957837937391,8.504998672172287e-12,0.0016181450008217713
ACCCATCTTGAGGGTA-1,0.008929337475622896,0.9724123423673926,0.018656990494398142,1.6697598009386042e-13,1.3296624193642114e-06
ACCCATTTGTCCCTCT-1,0.999319286677994,0.0006795876499082079,1.1093831760029721e-06,6.202704358561873e-16,1.628892097910023e-08
ACCCGAGCGAAATTAC-1,0.9745071661057905,0.025404714612698023,8.749749805651655e-05,3.1690066587743614e-16,6.217834545911096e-07
ACCCGGAAACTCCCAG-1,0.99976132822477,0.00023808959251456929,4.99883064846987e-07,1.1927153180299399e-14,8.229963859471593e-08
ACCCGGATGACGCATC-1,3.314726385637715e-05,0.015831712615519206,0.1314047762440476,2.1096880023675805e-07,0.8527301529077767
ACCCGGTTACACTTCC-1,0.9706063426331824,0.029074400605555214,0.00031420701848115307,6.0058959527709555e-12,5.049736775581751e-06
ACCCGTGTCATCAGTA-1,0.9770600929818659,0.019967950995314804,0.002708595097781763,1.4714663749210062e-12,0.0002633609235661802
ACCCTATAGGACTGAG-1,1.1959431813957603e-08,1.364443784555787e-05,0.2731304502191964,1.8223332668169797e-05,0.7268376700508581
ACCCTATGCCATATCG-1,0.9207410810356826,0.05601106410013602,0.019144519754707184,3.005203512896055e-10,0.004103334808953835
ACCCTCCCTTGCTATT-1,0.3239550333043545,0.666262094512691,0.009604205907301733,1.1034074076524774e-10,0.00017866616531201263
ACCCTGGTAACGCCCT-1,4.345550062288198e-11,6.487580037014948e-07,0.009989709573799344,1.0436435926391365e-05,0.989999205188815
ACCCTTCATCTGCGAA-1,0.00040851928777691665,0.06166887826405916,0.899152763028765,4.129282310293479e-08,0.03876979812657572
ACCCTTGCCTGGGTCG-1,1.7019223343701787e-14,3.31274247000809e-11,1.5887680398679669e-06,0.9999744262130139,2.398498580183493e-05
ACCCTTTAGTTCTCCA-1,3.9426974913876876e-07,1.5446555596933648e-05,0.008937569056448387,1.1507016115194808e-09,0.991046588967504
ACCGAAAGGGCCCTGC-1,9.26956112094194e-05,0.03391563602865232,0.8849624550816221,3.869886456037233e-09,0.0810292094086296
ACCGAAGAGTCTGGTT-1,0.9613426300499093,0.038627751990837074,2.956495558342175e-05,3.454968512530073e-16,5.300366984736936e-08
ACCGACACATCTCCCA-1,0.9882922235332835,0.011615698498417242,8.908840451164525e-05,1.1637576686351695e-12,2.989562623983958e-06
ACCGACTGAGTCCCAC-1,0.0299617292166875,0.2563879952110474,0.6528494553346008,2.163891976786394e-09,0.060800818073772196
ACCGATATTTAATCAT-1,0.21838736606734674,0.5788637659586644,0.04569975585729024,4.578656172232021e-06,0.15704453346052646
ACCGATGGTAGCATCG-1,0.002417997514361186,0.1630180696952427,0.7107108002983609,5.042587291414365e-10,0.12385313198777649
ACCGCAATAACTGCCT-1,0.9926730400582552,0.007324250559309418,2.665568839198592e-06,5.87121019371881e-14,4.381353741564526e-08
ACCGCGGTGGAAGTCG-1,0.0005701846798937303,0.4189640908570641,0.24159038403889949,1.9295670955323234e-09,0.3388753384945757
ACCGGGCCTTTGTTGA-1,0.01726085515442755,0.7537379445302945,0.22420180802940926,1.1676847169932585e-07,0.004799275517397048
ACCGGTCAGGTACACC-1,0.9918001124899871,0.008196104707621403,3.6991767558678176e-06,2.130939558354532e-15,8.362563331277286e-08
ACCGGTCTGAGTACGG-1,0.9494239633404084,0.05027951918691692,0.0002931532816515689,1.7333462241888799e-13,3.364190849819431e-06
ACCGTGACCACGTGGG-1,0.9999271725909381,7.02288332282589e-05,1.913363475028525e-06,1.3535893369288894e-11,6.851988227365305e-07
ACCGTTCCCGCTCTGA-1,0.0002735173648812092,0.12048811652807834,0.8759847398217342,4.678928476482466e-05,0.003206837000541481
ACCTAAGTACCTTTCA-1,0.9617892762538125,0.038106840624142074,0.0001022275103681556,1.8004601041249845e-13,1.6556114973557148e-06
ACCTAATCGACTTCCT-1,0.0009039471986486994,0.9634179627873353,0.03566798005179402,1.9661370350716837e-14,1.0109962202284335e-05
ACCTACAGTATGTGGT-1,0.0006703854927950471,0.21536256974521992,0.4179567332416225,8.60764496836231e-07,0.36600945075586566
ACCTCCGCCCTCGCTG-1,0.9324936187107703,0.06736984601451965,0.0001339526235094881,4.312432851379052e-11,2.5826080761446556e-06
ACCTCCGTTATTCACC-1,0.3749049122691607,0.1143409643434548,0.15144687949301602,5.6207218638983105e-08,0.35930718768714975
