,0,1,2,3,4,5,6
AAACAAGTATCTCCCA-1,0.04900295166798671,3.2433830835171266e-06,8.519533794063496e-10,0.9499482153884369,0.0010455887085393076,7.35520279850802e-36,6.25642236074366e-19
AAACACCAATAACTGC-1,0.04670103097137967,2.3026184997386878e-06,1.4406913806663716e-09,0.9501222539394786,0.0031744110299506464,5.839266028142825e-37,1.0573841128589512e-19
AAACAGAGCGACTCCT-1,0.6226310252012185,1.0670287783999228e-08,5.719840314545197e-07,0.12706132464108189,0.25030706750338017,1.0355523000840544e-39,3.5912991412716083e-22
AAACAGCTTTCAGAAG-1,0.004039469201749708,1.8924528741973772e-05,2.8335170827835613e-11,0.9958793932059242,6.221303524884202e-05,5.796743497600896e-42,3.541794412793083e-21
AAACAGGGTCTATATT-1,0.002062693900579038,5.510578558847632e-07,1.2353027146046348e-12,0.9979202315732469,1.6523467082835053e-05,2.6694429055555056e-38,6.670379699629795e-21
AAACAGTGTTCCTGGG-1,1.5564063134394108e-39,1.1652317525934506e-21,4.4413647644014e-34,1.2170623408950555e-35,2.2381996130024964e-37,0.9999989904810294,1.0095189706957055e-06
AAACATTTCCCGGATT-1,0.005987672545537191,1.4305045123493156e-05,1.9939523229825045e-07,0.9768719994295564,0.01712582358455046,1.3477749112048472e-35,7.664614742447916e-19
AAACCCGAACGAAATC-1,0.10398362569155714,1.0322061216571078e-07,1.6819420548475566e-06,0.6259520803724505,0.27006250877332527,2.6506215480434682e-45,1.8980405826168797e-24
AAACCGGAAATGTTAA-1,0.017813178956124092,3.170134443366397e-06,5.825056922213032e-09,0.979288552380913,0.0028950927034627045,1.0718218355122836e-40,6.951899861570974e-21
AAACCGGGTAGGTACC-1,0.006973329463632289,2.5380251374876666e-06,5.6880312165516987e-11,0.9929610602791404,6.307217520963479e-05,7.921473086132029e-36,2.0305892409802415e-18
AAACCGTTCGTCCAGG-1,0.01473297942891321,2.2982252366089057e-06,1.190963602575383e-10,0.9847486433077575,0.0005160789189963988,5.6188657371002205e-40,2.3951580146266818e-20
AAACCTAAGCAGCCGG-1,1.3080905823635896e-05,0.9654765757604978,9.549005635516762e-08,0.0340173931217335,0.0004738700514576765,1.9772773331761493e-16,1.8984670430679817e-05
AAACCTCATGAAGTTG-1,0.017441480513268638,4.4964832261338354e-06,4.3928853584976624e-11,0.9815394756874826,0.0010145472720936948,3.69233823680944e-36,1.3911957987709038e-18
AAACGAGACGGTTGAT-1,0.6708911985955379,1.5848361646216158e-06,2.743116121157897e-10,0.32785030574996865,0.0012569105440172765,6.513598899515161e-37,4.121491886122368e-19
AAACGCCCGAGATCGG-1,0.07042521373471797,5.955282584101939e-06,2.8095308530257144e-08,0.9165741220713338,0.012994680816055733,2.4652244567774817e-43,1.0821322093073595e-21
AAACGGGCGTACGGGT-1,0.0006265644340478658,0.1489921488801567,5.354729553828126e-11,0.8503195234989802,6.176302999010493e-05,1.367491853507743e-27,1.0327784020782052e-10
AAACGGTTGCGAACTG-1,5.814566885594218e-40,8.335177995031478e-23,6.2213097422552775e-21,2.582366026789638e-35,1.8364921866404434e-31,0.9999999943770541,5.622945842691377e-09
AAACGTGTTCGCCCTA-1,0.0003755962377604669,3.902724901879863e-05,0.3889958908607172,0.0008663951385098513,0.6097230905139653,6.539690296038928e-29,2.8308841075958068e-14
AAACTAACGTGGCGAC-1,0.16516763782120067,3.950814104901427e-05,1.635127079121769e-06,0.30302020906269833,0.5317710098479725,3.977468221419272e-33,1.849911469435614e-16
AAACTCGGTTCGCAAT-1,1.1843246160512615e-15,0.01895969640166151,3.183833381439169e-14,1.2465777036896617e-10,6.371324160913378e-13,5.190918915414731e-09,0.9810402982820917
AAACTCGTGATATAAG-1,0.022432317974894592,8.049626361676346e-07,2.4852851958006938e-05,0.06084326672281435,0.9166987574876969,1.3667463164040023e-36,8.793389619231215e-20
AAACTGCTGGCTCCAA-1,0.003981742081275416,2.4725709127049146e-06,2.6560233014284025e-11,0.9959489413830154,6.684393823629803e-05,1.5491869300671934e-42,1.2057540092382884e-21
AAACTTAATTGCACGC-1,0.032482129309440014,0.0005980438338744168,8.781581248281612e-06,0.8204986613486553,0.146412383926782,1.6295745119182103e-37,3.604200276718247e-17
AAACTTGCAAACGTAT-1,0.010045375939224105,3.174781147201144e-06,9.266630358418666e-10,0.9897665897793844,0.00018485857358130573,1.7449252202098567e-34,1.8729308552297467e-18
AAAGAATGTGGACTAA-1,0.001815268884410903,0.01133786985571439,3.15554696253245e-13,0.9867223198364393,0.00012454142272156355,1.1054109070590986e-28,3.9799597867802236e-13
AAAGACCCAAGTCGCG-1,0.9849212252945316,6.3647530199696506e-12,4.682291144652403e-10,0.004203859301077517,0.01087491492979698,4.132464930237493e-55,2.2096294101838804e-31
AAAGACTGGGCGCTTT-1,0.9256774119843961,4.3432685858635834e-09,8.498609890373604e-10,0.07066647615457326,0.003656106667901149,3.071520083030818e-46,1.4054414776848795e-25
AAAGCTTGCCTACATA-1,1.4020867965363949e-08,1.6465193330710324e-08,0.9998587914166998,3.087108008607117e-09,0.0001411750101159284,9.147095045178527e-27,1.4835197473979028e-14
AAAGGCCCTATAATAC-1,0.0062571842879647,3.802988792637075e-05,7.568559236237481e-11,0.9935727785452962,0.00013200720312700492,8.058158121708802e-37,1.4881574688139617e-18
AAAGGCTACGGACCAT-1,1.7828394471901904e-11,0.7206912421143168,1.7573248441628732e-09,1.1450733033252781e-06,2.8286686242298303e-10,1.8093955871871408e-12,0.2793076107525504
AAAGGCTCTCGCGCCG-1,0.012887310462253871,0.002872649489282897,8.993807601370776e-11,0.9840960680958044,0.00014397186272082523,6.482784461301869e-41,6.7301984803350556e-18
AAAGGGATGTAGCAAG-1,0.873645342578986,3.373054280492703e-10,2.0008733020708625e-05,0.0024538350976377435,0.1238808132530502,3.3907001466325964e-44,1.3356642661820857e-25
AAAGGGCAGCTTGAAT-1,0.9848043088144329,9.993478870593798e-08,2.532970415028947e-09,0.014856614656574018,0.00033897406123406857,1.774592068177563e-40,3.412356711254078e-20
AAAGGTAAGCTGTACC-1,0.07257111046044291,2.725717619216487e-07,0.0012444663290239611,0.005192055076542422,0.9209920955622288,4.646151593210252e-33,2.2324869615324137e-18
AAAGTAGCATTGCTCA-1,0.015465166263696761,1.586312205343386e-05,9.311722222342132e-10,0.983677676232876,0.0008412934502014964,1.1386004475203491e-35,6.958138509576508e-18
AAAGTCACTGATGTAA-1,0.8161520810791817,2.765575688834161e-11,8.239281172184037e-10,0.009831259150539194,0.1740166589186953,4.845586629970572e-48,3.2018223372582264e-28
AAAGTCGACCCTCAGT-1,0.05302176236219523,1.1087035546614898e-06,2.52565992758261e-08,0.943309241727815,0.003667861949835824,4.645589258365251e-43,2.557719789567189e-22
AAAGTGCCATCAATTA-1,0.0058621213830599445,2.460087045018871e-05,2.461442022628549e-10,0.9933934759555443,0.0007198015448014217,7.925374229625523e-40,1.3812469985529034e-19
AAAGTGTGATTTATCT-1,0.3082971084324065,5.585304678260205e-08,3.7499030381348776e-10,0.6894234201203704,0.0022794152191859865,7.13721379472821e-43,1.8681452922550078e-23
AAAGTTGACTCCCGTA-1,0.6137298962238933,1.1676859519272204e-08,1.1287983767488965e-10,0.37790089536987176,0.008369196616495704,2.4244162721642337e-44,3.316451654940917e-24
AAATAACCATACGGGA-1,0.7840782512902609,3.07209980649968e-07,1.8169203365299292e-07,0.13354978663347924,0.0823714731742456,3.076574201092205e-38,1.3256397313911735e-20
AAATAAGGTAGTGCCC-1,0.14320759670201558,3.506310475345761e-08,1.7154996430745764e-05,0.001785393763857503,0.8549898194745914,1.7942901179607979e-37,1.4705021777815285e-20
AAATACCTATAAGCAT-1,0.02345845621206216,9.72159404556963e-07,2.1364995275880715e-11,0.9764213720363087,0.00011919957085956514,1.2324643716638756e-43,5.723602080282205e-23
AAATAGCTTAGACTTT-1,0.09634257990228638,4.3997960101525796e-07,2.2834393260144354e-07,0.06765700306320173,0.8359997487109782,5.138906960278811e-38,1.1528551023825461e-20
AAATAGGGTGCTATTG-1,0.008343950338103468,8.544536841344804e-05,3.490963790498261e-10,0.9907120018529023,0.0008586020914843729,1.0096327463933392e-37,2.0242735231337797e-18
AAATCCGATACACGCC-1,2.3595031053937625e-06,0.9857357135600643,2.6796764208051697e-12,0.014259640944834527,1.0948306579915638e-07,4.8473935377422224e-20,2.176506250219867e-06
AAATCGTGTACCACAA-1,0.024182555710405708,1.2961542113708772e-05,2.688449294308175e-10,0.975614314755241,0.00019016772339387294,3.237500771094513e-32,5.667563422403818e-16
AAATCTAGCCCTGCTA-1,0.11445782694268003,1.9205288377841817e-07,8.701233677210588e-05,0.7592719188519805,0.12618304981568354,1.6871372930441441e-37,2.782230613233359e-20
AAATGATTCGATCAGC-1,0.006553357181380696,7.227737126480357e-10,0.022704976237734608,0.00011559900344359144,0.9706260668546673,5.484915561521017e-42,6.5480331518799505e-24
AAATGCTCGTTACGTT-1,0.9987058014638998,1.821112691506524e-11,3.8925530854280286e-13,0.0011771053487837633,0.00011709316871633097,7.996943166665848e-46,6.899380176216184e-27
AAATGGCATGTCTTGT-1,0.9960331684410701,8.778012406549303e-12,9.347666636579724e-14,0.00392766411860499,3.9167431453198804e-05,1.4051534788471143e-49,7.698048245432273e-29
AAATGGCCCGTGCCCT-1,0.0023975080983299106,0.00015028163584631152,1.608625306672257e-11,0.9974384854386721,1.3724811065541701e-05,1.918640947435608e-36,4.6644728411277374e-17
AAATGGTCAATGTGCC-1,0.08762521759153104,5.666385101975843e-06,1.429980583154025e-10,0.9121155118796295,0.00025360400073952703,6.07743361926203e-39,1.5215302412147356e-19
AAATGTATCTTATCCC-1,0.38667685560569653,6.341945742083058e-07,3.477837249120417e-09,0.5242082455321776,0.08911426118971445,6.056008222885329e-40,2.2268002550854913e-21
AAATTAACGGGTAGCT-1,0.20062961083936212,4.0662100900951263e-07,1.7129500860973707e-09,0.7965080913866672,0.0028618894400116537,1.2194646452794134e-39,1.6073578090251467e-21
AAATTAATAAGCGCGA-1,0.9310920956053097,4.27205811426787e-08,7.3979462335442605e-09,0.035216432639011835,0.03369142163715127,5.168743734675912e-41,3.2084055644203054e-22
AAATTACACGACTCTG-1,0.8421324673147709,2.083738704855326e-08,3.786960289384313e-09,0.15119741440581255,0.006670093655069312,6.803772441221649e-43,9.024033820021845e-24
AAATTACCTATCGATG-1,0.8883977325900131,7.265081468069853e-12,8.768165941988587e-07,0.00867168073360095,0.10292970985252672,1.4306622993700687e-50,8.287314101332518e-30
AAATTCCAGGTCCAAA-1,0.0034754782518616107,3.9976269877707673e-07,0.0003095517784053753,0.005978309943585304,0.990236260263449,4.07718977195247e-34,1.4196727209859078e-18
AAATTGATAGTCCTTT-1,0.012863787845928752,0.005899034576256245,9.495654736413202e-08,0.9725681380696236,0.00866894455162916,1.8084009378933806e-31,1.4585304558776663e-14
AAATTGGTGAGAAGCA-1,0.011083882763010248,0.003296850952193131,0.00045864423658597696,0.1630625177796447,0.8220981042661554,3.099179953968938e-26,2.4105534588134326e-12
AAATTTACCGAAATCC-1,0.12296981491971969,3.858636982061973e-05,1.0348799236638402e-05,0.2301846833816702,0.646796566529553,2.022920960611378e-34,6.262923294589391e-17
AAATTTGCGGGTGTGG-1,0.008499907270390222,1.988888919825528e-06,1.4520739349539536e-11,0.9914708685796629,2.723524650625908e-05,7.1209222893345396e-40,2.6764855464747325e-20
AACAACTGGTAGTTGC-1,0.39507544810789136,1.2907704909317507e-09,4.97771375160364e-11,0.604567259059083,0.0003572914924779649,4.3624758413338293e-44,1.987700865853427e-25
AACAATACATTGTCGA-1,0.015970169935757773,0.14553068768571087,7.727651514787368e-11,0.8379228844704477,0.0005762578210213919,4.4942072365274484e-29,9.785583671511697e-12
AACAATTACTCTACGC-1,0.06375628143581143,2.1316557918984704e-05,1.08453557703657e-09,0.9359792715006015,0.00024312942113249446,5.713712798660764e-35,3.489240806466817e-17
AACACACGCTCGCCGC-1,0.0030296977537452264,8.13076300886762e-06,1.7919766388069234e-11,0.9969304442395922,3.172722573393852e-05,1.72672329645152e-38,1.3834133202712935e-19
AACACGACTGTACTGA-1,0.7200949038342014,3.2320153000057446e-08,2.3289769157497946e-08,0.241632509214256,0.03827253134162048,4.701026480064731e-45,4.029216818450372e-24
AACACGAGACGCGGCC-1,0.040279929973801795,4.502882119552522e-06,3.770295252224702e-07,0.9549581338564325,0.004757056258121026,1.1373497850242378e-37,3.564997901366469e-19
AACAGCTGTGTGGCAA-1,0.03247924035964938,0.0002532047714836158,1.0829435912577987e-09,0.9664486852377611,0.0008188685481624247,2.495358078137366e-35,2.4239176371860904e-17
AACAGGAAATCGAATA-1,0.9368448569740278,1.7132287658712498e-09,5.841532614657913e-11,0.06257164777078518,0.0005834934835427819,1.7786299090247186e-41,6.399089097193138e-24
AACAGGATGGGCCGCG-1,0.2186953087739224,0.00011766579757844322,8.981544423850679e-13,0.7811324262484007,5.4599179200276996e-05,1.733641352036038e-37,1.8741297145578725e-17
AACAGGTAGTATGGAT-1,0.11353161557554102,3.12956749036983e-07,2.3660147105450316e-10,0.8844637375344256,0.002004333696682929,2.615307699894431e-35,1.7127390863969574e-19
AACATATCAACTGGTG-1,0.0027438672274614157,3.0676368502021524e-11,0.2951997917990889,4.067897282719995e-06,0.7020522730454906,1.6250252307566833e-38,3.2074089101816475e-24
AACATCGATACGTCTA-1,0.0019204595489818654,2.2181033569036273e-06,0.1387935606093228,0.0008166274825359692,0.8584671342558025,2.095271868617295e-31,8.378992612892577e-17
AACATTGAAGTTGATC-1,0.011087288419540762,0.4030908708435553,0.0006712007231596216,0.49896195265738585,0.08618867962682392,9.414331023472709e-23,7.729534418352528e-09
AACATTGTGACTCGAG-1,3.747189993670272e-15,0.00041090721088926586,2.647985986834046e-16,7.290286505632947e-13,6.845526464084145e-16,3.401978675412696e-09,0.9995890893863982
AACCAAGACTTCTCTG-1,0.001589290592967418,0.0032629469314854023,7.219061597368779e-11,0.9950949075608676,5.285484236795213e-05,2.1008619607841745e-31,1.2110320548843824e-13
AACCAGTATCACTCTT-1,0.7367619419409438,1.492369512329345e-10,2.0050042751314122e-08,0.029239735465931983,0.23399830239384437,4.918223585862138e-48,3.0022839669457717e-28
AACCATAGGGTTGAAC-1,0.07667725816327198,0.0005662588249799804,3.2528990317191443e-07,0.9152273027428827,0.0075288549789565805,6.475890217172471e-32,5.717064357409584e-15
AACCATGGGATCGCTA-1,0.30272926704739805,8.62182841850948e-09,6.034280262686359e-12,0.6970419212169203,0.00022880310781880296,2.5422911202304565e-44,1.708361588050305e-24
AACCCAGAGACGGAGA-1,0.9526567855341269,7.301602119521985e-09,6.90563708306595e-09,0.03080893728094201,0.016534262977691904,5.787086803127061e-38,9.876704235630123e-22
AACCCATCCCATGATC-1,0.0014801826791950008,1.2587901124331348e-05,3.3372794197080024e-13,0.9985039443234234,3.285095923515017e-06,2.8067618554804766e-36,9.104442721538901e-18
AACCCGACAACCCGTG-1,2.6081228331320117e-35,4.547481208183054e-15,2.0542148206809412e-29,1.158608222583764e-30,1.657865569379079e-32,0.8846444741755692,0.11535552582442622
AACCCGAGCAGAATCG-1,0.028017990707097967,6.3733401618425555e-06,2.6541495108823785e-12,0.9715836734996058,0.0003919624504803857,6.645968539006347e-36,6.36246999637962e-18
AACCCGCTGTATTCCA-1,4.5799728572694724e-09,0.8330284074128714,3.5437434242217965e-13,1.3152072523167473e-06,5.163280117225041e-09,8.747859133132947e-13,0.1669702676353942
AACCCTACTGTCAATA-1,0.2982221931269035,4.987010077897234e-08,1.811215264762955e-06,0.0168079777434323,0.6849679680442986,4.667889144812623e-36,2.579571779595305e-20
AACCCTGGTGGAACCA-1,0.9960507226662056,3.667295702199623e-10,2.0544790554445343e-10,0.0005074743629322232,0.003441802398684621,3.6992884389129e-43,4.431189619577422e-24
AACCGAGCTTGGTCAT-1,0.5201778517268553,5.528190952298893e-10,8.061232744217484e-05,0.04991921274805262,0.4298223226448309,2.1838021320890284e-44,1.0129915777737496e-25
AACCGCTAAGGGATGC-1,0.07053116782133678,2.323619702232913e-05,3.8549524573309735e-09,0.92762705469876,0.0018185374279284052,7.321286310305963e-38,6.841115196347515e-19
AACCGTTGTGTTTGCT-1,0.9964716580434432,2.1679640128293096e-09,1.4207487574493088e-07,0.00030651328223944586,0.0032216844314776494,2.2228020001869803e-35,1.8843636888117156e-20
AACCTCGCTTTAGCCC-1,0.005471476580408814,0.00030299308552932423,2.0516752968371103e-08,0.9926370539732465,0.001588455844061404,3.7556046891962893e-32,8.883448363633136e-16
AACCTGTCACGGAATT-1,0.31931557687199236,1.6678512731531557e-06,8.867224633992621e-07,0.44906609301329425,0.2316157755409767,6.732176125835233e-32,4.170527540834135e-18
AACCTTTAAATACGGT-1,0.0006340114043785394,0.00017796884744149336,4.957054554827476e-11,0.9990584884310904,0.0001295312675191982,2.4453005541375285e-39,1.7277934571652179e-19
AACCTTTACGACGTCT-1,0.9697757143951883,3.052973891354043e-05,4.073113579945356e-07,0.021496092983700907,0.008697255570813696,3.881258322098009e-28,2.5607317381232735e-14
AACGAAAGTCGTCCCA-1,0.01037387773665411,0.00036818400387589556,4.106589532402529e-10,0.9886467232065346,0.0006112146422766159,4.441021705407647e-36,2.5948057726579033e-17
AACGACCTCCTAGCCG-1,0.012874058482712135,0.00029944953184905175,4.347108770989907e-12,0.9867907748869212,3.5717094169920855e-05,1.3214311793972867e-35,3.684087603409993e-16
AACGATAATGCCGTAG-1,0.014924601506515152,3.1928990642884837e-06,1.204371227010394e-10,0.9840822951038678,0.000989910370115495,1.623667916312568e-41,6.658528455122294e-22
AACGATAGAAGGGCCG-1,0.958882609413309,4.1685841397725244e-09,2.741549827999459e-12,0.04037668082238911,0.0007407055929762475,3.4421642778444095e-48,7.137679254973305e-26
AACGATATGTCAACTG-1,0.90170914170743,1.2894581050666982e-09,2.1437261728482146e-09,0.089244197276151,0.009046657583234486,1.294469932333298e-43,1.9964473902411793e-24
AACGCATGATCTGGGT-1,0.37176654100403467,2.1359661746069618e-07,7.112306872402602e-08,0.33974152580745476,0.28849164846882436,1.1241476529926401e-41,5.87843119884282e-22
AACGCGACCTTGGGCG-1,5.262010067175691e-30,2.706813022287056e-12,5.638180253595814e-23,1.877842381615165e-25,3.7163162611687095e-27,0.03324335341629268,0.9667566465810006
AACGCGGTCTCCAGCC-1,0.016240178289381218,1.839451224289927e-08,0.4934731526993228,0.0016344787504726237,0.4886521718663111,2.9623825484375856e-39,3.956856850379024e-21
AACGCTGTTGCTGAAA-1,0.00012657490463876606,0.06641474095769863,6.8404964781721195e-12,0.9334524746677039,6.209463011571054e-06,1.383571695034306e-32,1.0673101609320308e-13
AACGGACGTACGTATA-1,0.0005235630728936248,1.809180158239437e-05,8.287889319154707e-12,0.9994544762259818,3.868891254293299e-06,8.14055880868829e-40,2.793435011648141e-19
AACGGCCATCTCCGGT-1,0.010277116435958009,1.3542339578435723e-06,4.685261427902819e-09,0.9889641767644487,0.0007573478803739587,8.905484964240473e-39,1.6306418413119987e-20
AACGTACTGTGGGTAC-1,0.003014240709326161,6.354950447614711e-06,1.5829933059970667e-11,0.9969650758411681,1.4328483228288585e-05,4.454373886781882e-43,2.8345084601993045e-21
AACGTCAGACTAGTGG-1,0.6710656635775333,1.535036656835309e-06,3.793888778076277e-09,0.3265280022910945,0.002404795300826762,5.419181832337566e-35,4.1342817582460377e-19
AACGTGATGAAGGACA-1,0.9684299609855999,1.5450766099657452e-10,2.5493204476012846e-10,0.02067489789369624,0.010895140711264493,9.77091083595175e-48,2.222530270931769e-27
AACGTGCGAAAGTCTC-1,0.4887234356363397,5.589380609806253e-08,1.4497003414754137e-13,0.5112610214671524,1.5487002556791075e-05,9.378939304380066e-45,2.3119481608643515e-24
AACGTTATCAGCACCT-1,0.9968313114139413,5.3262499919357194e-08,1.3745724172247765e-09,0.0019328725834499034,0.0012357613655362162,6.166089275777779e-39,3.7020435469094724e-20
AACTACCCGTTTGTCA-1,0.33782013169279884,2.3977126936691977e-06,1.825505693330901e-07,0.6222484736774708,0.03992881436646741,2.830411262073513e-38,6.26593510751985e-20
AACTAGGCTTGGGTGT-1,0.002913784293689833,0.00350079589336331,6.454392460121317e-09,0.9922296516444171,0.0013557617141372119,8.872090982830907e-41,1.7429381646789523e-18
AACTCAAGTTAATTGC-1,0.06644567534379675,7.064944759140371e-07,5.9880571093456204e-12,0.9334478398989183,0.00010577825682086063,2.5228171360346486e-41,2.314634547727092e-21
AACTCCAGAGCGTGTT-1,0.6670722833825921,4.2250517264306657e-07,1.8333584531254558e-10,0.3284150490468395,0.004512244882059906,1.0414418865525753e-44,4.9849779709559873e-23
AACTCCTAATCCCATG-1,0.2763071707478293,8.274029334639009e-08,8.904763071772367e-05,0.2056251472260531,0.5179785516551065,1.762376704172883e-39,1.5384694649132103e-21
AACTCGATGGCGCAGT-1,0.989147081485184,4.931824968724021e-09,6.853411686636929e-09,0.003041972232951834,0.007810934496627565,1.156481304456078e-41,6.398208077016404e-22
AACTCTCAATAGAGCG-1,0.5443732598445152,4.3868663817550507e-07,1.3763352469414089e-08,0.41134147029878415,0.04428481740670981,1.6787956817235844e-37,1.0953041682684447e-20
AACTCTCAGTGTGCTC-1,0.03836412558375481,9.390700785045933e-07,1.0911994483562944e-10,0.9614074947128926,0.00022744052415436624,1.8636570004582293e-43,1.4378665707537924e-22
AACTGAGGTCAGCGTC-1,0.0039118391348544395,0.00014524938180734894,0.0012004558476312788,0.04319224273784623,0.9515502128978578,1.1151194078353293e-30,2.989537549828536e-15
AACTGATATTAGGCCT-1,0.9961991771054867,2.928043851272019e-11,1.1062734519168674e-09,0.002305949676694411,0.0014948720822653922,6.1626599073886314e-46,4.583761872091151e-27
AACTGGGTCCCGACGT-1,0.8838847913707063,2.0684230526197512e-10,7.519179374275894e-06,0.013746164733710714,0.10236152450936642,3.1788792457365443e-41,1.6072830459960441e-24
AACTGGTGTGGGCCTT-1,0.9648736812734878,2.1939111965262078e-10,3.2927074508369374e-08,0.000454055373235695,0.03467223020681082,5.463034779794234e-44,3.472533164912249e-24
AACTTCTGCGTCTATC-1,0.9308593377257754,3.4598206956377587e-06,9.7628230399425e-08,0.043012557730221626,0.02612454709507706,9.97147875649768e-36,2.7164642109963207e-19
AACTTGCCCGTATGCA-1,0.010534320380531075,0.025907479267947918,1.2128124517234567e-11,0.9635470192323708,1.1181106945391421e-05,3.850989642231709e-33,7.653830342980644e-14
AACTTGCGTTCTCGCG-1,0.9748030890503584,0.0002646738434473377,1.290935970082123e-05,0.015312444968281057,0.00960688277638667,4.474531758910893e-28,1.8258578947908394e-12
AACTTTACGGGAGCTT-1,0.4351991627044698,7.544670639714333e-07,2.9872594308615175e-07,0.5437133128300871,0.021086471272436184,5.710595598504033e-39,6.371546209489607e-20
AACTTTCTCGATCATG-1,0.00023274018378997992,1.0363941598582323e-09,0.3705448957248945,1.2018963678280187e-06,0.6292211611585534,1.0910827267852843e-36,7.884116548548085e-21
AAGAAATCACCAGATT-1,0.13698016261266344,1.6886431761014444e-06,0.0016885284139784567,0.037736334112114495,0.8235932862180675,2.0507125880162782e-33,1.4898864497240386e-17
AAGAAGGATCAGTTAG-1,0.9536219437812583,5.058028117998174e-12,2.6377547453143525e-09,0.0008927827643145302,0.04548527081161452,2.632070372395845e-48,1.4214834225224705e-28
AAGACATACGTGGTTT-1,0.04763448927116659,3.124368990160389e-05,7.605859231949246e-09,0.940124654613209,0.012209604819863388,2.0941970856239714e-31,2.400585004295853e-16
AAGACCAAATAACTCA-1,0.03659413824198473,0.0006468232889114551,2.3335493901652707e-08,0.9561667610163289,0.006592254117236068,8.215247896383682e-30,4.4855175522044306e-14
AAGACCCAACTGAACA-1,4.796782505091397e-05,0.9683627759591763,1.2954143853938472e-10,0.03154378431809034,4.544241789530586e-05,2.4012930892206297e-24,2.93502456882278e-08
AAGACTGCAAGCTACT-1,0.39463686167822626,0.00017790762945034985,2.1391497806224103e-07,0.6009927585500336,0.004192258227311398,1.0962740309988909e-33,4.581126988852437e-16
AAGAGATGAATCGGTA-1,0.2699922596578402,1.7432061670982708e-05,1.1183072578715986e-09,0.7102435206143565,0.019746786547825027,9.474763538803034e-36,3.826591579056804e-18
AAGAGCTCTTTATCGG-1,0.9923366341580425,1.9648353758569962e-11,1.453851258353572e-10,0.006236016150018697,0.0014273495269052992,3.6641782954025535e-46,4.58646254934214e-27
AAGAGGATGTACGCGA-1,0.035877759331427166,6.02705285583993e-05,8.055167307259693e-10,0.9638142423965612,0.0002477269379359674,8.82269275801853e-34,3.9264403328746987e-16
AAGAGGCATGGATCGC-1,0.6521620730437259,2.296310388236455e-06,3.2697489560295165e-06,0.3189530103965579,0.02887935050037188,3.1445840744047995e-41,8.729773556658969e-21
AAGAGGCCCTTTGGAA-1,0.013176188714299401,1.0257836693445869e-05,3.553378794843596e-10,0.9860354392903714,0.000778113803297844,2.947045913448612e-41,1.0271565537542278e-20
AAGATGGCACCGGACC-1,7.189249870120744e-06,0.9887703694124063,1.6099570692202016e-09,0.011202178985700962,2.0259791562680498e-05,2.0766510455715677e-27,9.50502926025377e-10
AAGATTGGCGGAACGT-1,0.8361963469026414,2.726878604446391e-08,1.8792386216079435e-05,0.031827194467079364,0.1319576389752772,2.89389331831054e-41,2.812959262477856e-23
AAGCACCCTGCGTATC-1,0.00012901969234443964,0.15393016149285843,1.312367367213233e-11,0.8459300700932578,1.0748316829640487e-05,9.106472072333271e-24,3.9158599112235336e-10
AAGCATACTCTCCTGA-1,0.0004803699816582289,0.0009856642651058151,7.963003241096292e-11,0.9984865478685595,4.7417805046210735e-05,5.47491700262829e-35,2.447648326096978e-16
AAGCCACTTGCAGGTA-1,3.644371329525521e-08,0.9988071645713246,0.0004029374153370331,6.657583882883036e-06,1.7835544541128126e-05,3.623585033029957e-14,0.0007653684411650728
AAGCCGAAGCGGTTTA-1,0.0460046237062916,4.045205500424519e-06,5.0629895940888e-10,0.9539089679486481,8.236263326089673e-05,1.1511080670265362e-35,2.0628907305930764e-18
AAGCCGCCGTGAAATC-1,0.00419823671782097,3.967995405094651e-06,1.854355736476015e-10,0.9953261726917331,0.0004716224096054537,7.045614583778489e-40,5.430061162977831e-20
AAGCCGCTTTACCTTG-1,0.14343196384669787,2.5886329468777808e-08,2.418863735878027e-05,0.006874910819208015,0.8496689108104059,1.9192658853278474e-43,1.3920823111681904e-23
AAGCCGGAGAGCAGGA-1,0.040725167659295194,0.00034450202544750755,2.3166004112810455e-09,0.9585505891904559,0.0003797388082005665,1.4574222942545417e-34,3.5300178966591197e-16
AAGCGCAGGGCTTTGA-1,1.7460412888771028e-19,0.0002262212099615154,1.781379071853516e-17,2.653253105412833e-14,2.4006505882668338e-17,7.431150590364634e-06,0.9997663476394216
AAGCGGAGTGCGCGCA-1,1.1745434260179816e-06,2.6883441725789128e-11,0.9943365072282285,1.786370886208012e-08,0.00566230033775315,3.045850980766608e-34,7.372446842813051e-20
AAGCGGCGTCATGGGT-1,0.379721897832759,7.04385653058135e-10,6.760784755249304e-05,0.004954571577775108,0.6152559220375278,1.7122044057641438e-43,4.064955372087764e-25
AAGCGTCCCTCATCGA-1,0.004752418747348773,0.0011421646428954107,9.22198393439123e-10,0.9935814346806264,0.0005239810069281189,5.905991541126183e-32,2.9449442521066054e-15
AAGCTAGATCGAGTAA-1,0.0056819188548054775,2.8668803138629037e-07,3.41258087039472e-11,0.9938548563759182,0.00046293804711903223,5.189739924557314e-47,1.3816838321865086e-24
AAGCTCGTGCCAAGTC-1,0.7777755639929064,3.734877663277036e-10,1.3518867890248998e-10,0.22123825103801714,0.00098618446040009,2.431627704416841e-42,6.127921781895798e-25
AAGCTCTTTCATGGTG-1,0.001063642385831742,3.015962996305534e-07,2.2433875464837798e-14,0.9989338946336301,2.161384216226291e-06,7.200551668790392e-47,1.0515966464678716e-24
AAGGAGCGGTTGGTGC-1,0.10558620255696334,1.892779409902201e-06,5.044195343369335e-10,0.8943173907014638,9.451345774333092e-05,1.4590829046498601e-36,1.5511663481956527e-18
AAGGATCGATCGCTTG-1,0.0021246819196030576,3.0408910619886645e-08,0.011042743340530932,0.0009853866135862302,0.9858471577173692,1.3453379272590838e-36,2.3234163378400986e-20
AAGGATGAGGGACCTC-1,0.9767192923886209,5.704548760175256e-07,2.7718785871976182e-09,0.016523317557399535,0.006756816827225105,4.5355003994835755e-39,6.811272624767729e-20
AAGGCAGGCTGTCTCC-1,0.5924033905880539,1.200029805050582e-07,3.148168268802408e-08,0.18932133664365342,0.2182751212836295,3.931754487476476e-43,7.491644304581653e-23
AAGGCGCGTAAAGCTT-1,0.5624564621600997,2.034907220358087e-05,2.8531931282398066e-09,0.4366017090036751,0.0009214769108283715,2.486600732124183e-38,8.726335046137998e-18
AAGGCTGTGCTCATCG-1,0.17190665424810167,6.236140141580327e-07,4.9269911889372105e-11,0.8280637536564059,2.8968432208351e-05,9.86923447814734e-41,6.137928718408357e-21
AAGGGAACGACTGGCT-1,0.06238664020683866,1.1089074342187366e-05,1.1387042911588545e-09,0.9330754129209566,0.004526856659158341,1.830898979899361e-39,7.877556144419598e-20
AAGGGACAGATTCTGT-1,0.7642264702814391,9.588789055474135e-10,2.188095312528263e-06,0.1743490209260683,0.0614223197383012,8.281782094529289e-49,1.2944422514579249e-27
AAGGGACTATGCATTC-1,0.006835603169099799,0.00023121047401762358,1.022629601655032e-12,0.992922516538548,1.0669817312009652e-05,2.5672036374683616e-35,1.7252189478706893e-17
AAGGTATCCTAATATA-1,0.9699291132688413,2.0599779535531338e-10,1.908447483494007e-08,0.004529034233025002,0.02554183320766114,1.174960655344054e-46,2.5491499953933894e-26
AAGGTGATAAACCAGC-1,0.05206584933104515,5.600702214054795e-06,7.489301767708705e-10,0.9475995552882162,0.0003289939295944724,1.0583743873747433e-39,1.0677776560303637e-20
AAGTAGAAGACCGGGT-1,0.9185372545979036,4.674025177686677e-10,1.8759113673574167e-10,0.07894728591814087,0.002515458828962018,4.2900736725405783e-44,3.323934772826502e-25
AAGTAGTGACGCGAGG-1,0.1646687601950047,1.4030264956598597e-06,2.042753185747482e-09,0.834281231342436,0.0010486033933105473,7.628801451351154e-37,2.851268526704079e-19
AAGTCAATTGTCGTCA-1,0.13528936614270567,4.456436931860607e-07,8.375162014462319e-10,0.8613671596426519,0.0033430277334329968,1.7221526769363447e-41,1.1392100466186265e-21
AAGTCTAGTAGCTGCC-1,5.487252958258158e-11,1.097985975832542e-14,0.9999670597396559,2.2719690020701257e-11,3.294018274091708e-05,5.378608868764987e-38,6.297794309184349e-24
AAGTCTTCTGTGGCCT-1,0.3535250711706571,7.678972246565712e-07,2.9408007584577946e-08,0.6223919696180632,0.024082161906047426,2.3201228779313874e-46,3.954861017737544e-23
AAGTGACGACCGAATT-1,0.00011233252765268856,0.7720423535197304,8.61593504111024e-11,0.2278435530768691,1.7582805149947409e-06,4.917158687326985e-26,2.5090734848185923e-09
AAGTGAGTCGGGTTTA-1,1.6714811024348933e-23,1.5711897223513271e-06,3.3860987699596645e-22,4.883621964069022e-18,1.8719405557968424e-23,1.4169926450763771e-05,0.999984258883827
AAGTGCAAAGGTAGAC-1,0.9113857866499637,1.054153025956841e-09,6.697683631922793e-12,0.08723573093480463,0.0013784813543807667,4.366552371589476e-45,3.4615002889039515e-25
AAGTGCCTTGACTGTA-1,0.4832283167693942,2.2610967361789858e-07,1.238729634641375e-08,0.46234548483669563,0.05442595989694018,3.330654004173115e-39,9.056792859086437e-21
AAGTGCGTTAGAATCT-1,0.009858432999748552,6.446332895665542e-06,1.2917005640252306e-11,0.9900417747970162,9.334585742267113e-05,1.6974765840510185e-35,8.493450836282906e-19
AAGTGCTTCTCTATTG-1,8.007035537648213e-43,2.876395286300644e-17,6.825751125647453e-35,7.592936651026071e-36,8.228751645683975e-41,0.8532306816985197,0.14676931830148032
AAGTGTTTGGAGACGG-1,0.14074601522779023,1.4306075255539978e-07,6.403860101274552e-09,0.8216400624781746,0.03761377282942242,7.804650259104953e-43,2.4847780076564663e-23
AAGTTCACTCCAAGCT-1,0.0009192101605762118,0.00010301217117914139,4.568768743958541e-11,0.9987032860695704,0.0002744915529866734,2.086309986635591e-38,1.9770358780862056e-18
AAGTTCAGTCTGCGTA-1,0.017714315447952104,2.2342297464089508e-10,0.0009471897321905828,0.0017139158502996541,0.9796245787461347,2.369336665587147e-40,1.3770123286043447e-23
AAGTTCGGCCAACAGG-1,0.00574175830760839,4.553855281839035e-06,6.611072190503152e-11,0.9941603706423602,9.331712863878521e-05,1.0511360336148024e-44,1.995971871587846e-21
AAGTTGTGATGTTATA-1,0.0004169444555196486,0.00017348332489459858,3.3726770575020443e-12,0.9992790339254499,0.0001305382907632964,2.1962685490703347e-36,5.198606454825979e-18
AAGTTTATGGGCCCAA-1,8.087590434433943e-28,8.405900195980669e-08,5.3840521097075005e-24,1.7710210499687565e-20,1.184056342434081e-25,0.0006426955256132131,0.9993572204153849
AATAACAACGCTCGGC-1,0.02032385669292293,1.1660534167008367e-06,3.873920389204536e-11,0.9796076419697817,6.733524513943442e-05,5.628541666344793e-37,3.1338782150079805e-19
AATAACACTAGAACAA-1,0.11820987070681739,7.639843750675679e-08,1.2765781700779835e-12,0.8817406008351445,4.9452058324115476e-05,3.0137551744788716e-46,3.746922282327766e-25
AATAATCTTCGTATCG-1,0.0960907090242886,7.525493051104771e-05,3.822484739367172e-06,0.7149391005606998,0.18889111299975714,5.4123962256179185e-31,4.1221488887915664e-15
AATACAATGTTTCAGG-1,0.9871324225422978,6.214480838422182e-13,1.0234751162397594e-09,0.00029489173716022683,0.012572684696445518,1.1326336849378596e-51,5.118821107537273e-31
AATACCGGAGGGCTGT-1,1.3489938170018477e-17,7.149461390411984e-05,2.1339396133419006e-19,3.9206158143820483e-14,5.406114115433154e-17,4.4568580105418825e-05,0.9998839368059511
AATAGAACAGAGTGGC-1,0.1120087059172533,1.9285055356362788e-07,1.07011902147867e-09,0.8863905400293365,0.001600560132737518,1.4528863600247263e-47,9.032104120189857e-25
AATAGAATCTGTTTCA-1,0.006901190318240293,6.99668390267289e-08,2.2604710668443015e-11,0.9923340935651586,0.000764646127157409,4.03687177976164e-43,5.35045589394655e-23
AATAGCAAGCCTCCTG-1,0.20133403674572625,3.6090204348086436e-06,4.435553338873373e-06,0.015885973763984124,0.782771944916516,4.4205474024112176e-39,1.0119056044717034e-19
AATAGCTACCGCGTGC-1,0.0018214618727522807,2.7577153546805995e-08,0.02155899888780023,0.0012255276677455935,0.9753939839945482,7.227491776636153e-35,1.4167065427900186e-19
AATAGTCCGTCCCGAC-1,0.0005339795868742256,0.004305703925635131,7.60197164234064e-09,0.9947676898153311,0.0003926190701582608,1.77939654697787e-32,2.9903698064905166e-14
AATAGTCGCGAGTCGG-1,0.9985459265576957,3.3670884983102456e-14,2.4119122944534096e-09,3.6146971793459135e-05,0.0014179240585648998,4.5415680601001074e-54,1.1573854462693623e-32
AATATCAAGGTCGGAT-1,0.7043011031584557,1.9310732686415218e-05,3.0059233991220373e-05,0.22704544379569463,0.0686040830791715,8.099002719915717e-32,5.363097991184571e-16
AATATCGAATCAATGC-1,0.7602736463479829,8.42834005074165e-09,3.075133335309293e-10,0.23467094861298377,0.005055396303180047,9.845338104414178e-43,1.4974753795233366e-23
AATATCGAGGGTTCTC-1,0.38485500041159504,1.0544807608459628e-06,4.616697878068552e-05,0.0537225543890852,0.5613752237397783,3.3287381210898683e-35,4.529863568228344e-19
AATATTGGAGTATTGA-1,0.0022527840490095988,6.902487108522321e-05,2.792007788665275e-12,0.9976393758233543,3.88152537582523e-05,3.08095259415591e-31,6.836210405780774e-16
AATCAGGTTTCATTTA-1,7.811701318073727e-08,0.9602822144433494,9.080991313321019e-10,1.8822409466627968e-06,7.580384603258776e-08,5.937733713664341e-14,0.03971574848668635
AATCATGTAAAGACTC-1,0.0679777315436945,1.237599296796603e-06,5.218918202615505e-07,0.8645165409448164,0.06750396802037185,1.3337004544167277e-37,3.103998942793545e-20
AATCCAAGGGCCTGAG-1,0.343524928060698,1.2501321113327354e-05,1.5473191072908062e-07,0.6409885818770916,0.015473834009186333,1.1584888029318552e-34,4.4655078317440884e-18
AATCGCCTCAGCGCCA-1,0.20882876583326496,6.53031481713543e-08,9.669304629017924e-11,0.7908711102449918,0.00030005852190195727,7.723075300347512e-40,1.4421346204858217e-21
AATCGCGCAGAGGACT-1,0.09155487847425102,9.114462901889474e-08,2.5472025495862843e-05,0.03973642407710775,0.8686831342785164,9.019956529067937e-43,6.5181960265192e-23
AATCGGGACACTACGA-1,0.841064881691613,4.6992066651442494e-09,9.833609333481686e-05,0.00020507687896727283,0.15863170063687837,1.2059703454150638e-42,8.110196950369575e-23
AATCGGTATAGCCCTC-1,0.0007802913463881482,0.0014175017745291587,1.8576001343135341e-09,0.9973779937133643,0.00042421130802507964,1.712187665076218e-28,9.308889333355451e-14
AATCGTGAGCCGAGCA-1,6.425765446733185e-21,1.202867415213137e-06,2.7667019867644483e-22,2.200151354625618e-15,1.7664923887298592e-20,0.1991981961227596,0.8008006010098229
AATCTAGGTTTACTTG-1,0.004635028545764838,1.436604677586786e-05,9.787612049476396e-10,0.9950812930494609,0.00026931137923720484,1.4113905279071387e-36,5.443162450079856e-19
AATCTATGCCGGAGCC-1,0.03734737058862204,3.148798471619178e-09,8.068020393552786e-06,0.002470106823526728,0.9601744514186593,1.3485852617935054e-44,3.471622625866898e-24
AATCTCTACTGTGGTT-1,0.037851046566326714,0.00010301407887712343,1.061955014225759e-05,0.9304699857295535,0.03156533407510051,5.348364018066996e-41,2.299991814274683e-19
AATCTGCGTTGGGACG-1,0.7695510152438273,8.18025151408497e-10,7.00954238627441e-07,0.0037269942219104813,0.2267212887619985,5.833233062121097e-44,3.3376213404259456e-25
AATCTGGCTTTCTAGT-1,0.01245629848000642,0.0012408823035446133,2.089272513098403e-09,0.9862637306171296,3.908651004635513e-05,3.193344979343317e-34,5.10115002491266e-16
AATGACAGCAATGTCT-1,0.0011065640349735984,2.793123213982403e-06,3.0911446104637753e-12,0.9988805683761732,1.007446254790039e-05,1.7134758319880394e-40,4.568110205960627e-21
AATGACGTAGGATGTC-1,0.06327965540269406,5.535792821830748e-08,2.960475354552619e-11,0.936680876464626,3.941274514696897e-05,4.2093288475198056e-36,4.504019728532479e-21
AATGACTGTCAGCCGG-1,0.7903571174114076,1.512930997974519e-08,3.88293548035858e-11,0.2095432867377893,9.958068266376202e-05,2.0796478659091597e-41,2.3496305820609068e-23
AATGAGTTCGCATATG-1,0.990446017002436,1.7526620403289826e-08,1.7588101153061838e-09,0.0008661103883984479,0.008687853323735052,2.1563256746860902e-39,6.181667322618731e-21
AATGATGATACGCTAT-1,0.9757315447661019,4.037237787792364e-10,7.158023536090623e-10,0.008141851019940933,0.016126603094431043,1.4821299915818055e-46,1.4230548160389398e-26
AATGATGCGACTCCTG-1,4.2099910062400645e-06,1.4115744430634443e-13,0.9869696238948166,2.6610387916550816e-08,0.013026139503648329,8.017905270521898e-41,9.779619578167894e-25
AATGCAACCGGGTACC-1,0.4910843692612184,9.897084392488616e-08,9.948109779048682e-11,0.5079862733723635,0.0009292582960931143,1.315283642846082e-42,7.033149103084423e-23
AATGCACCAAGCAATG-1,0.016159425467016597,2.988458242506482e-11,0.00872482596779736,0.00020846967618798356,0.9749072788591135,1.0925096980993922e-39,6.082819560556007e-24
AATGGTCCACCGTTCA-1,0.914499628768359,4.1551034222224835e-06,5.90720521004657e-07,0.014851240050629337,0.0706443853570684,6.851862056487253e-38,1.9490049381031063e-19
AATGGTTCTCACAAGC-1,0.8791949983831653,7.407181607862828e-08,3.1427844214142027e-10,0.12048407120748142,0.00032085602325856506,6.779442064477654e-40,1.9053845022094213e-22
AATGTATGGCACTGTA-1,0.01816038903621334,1.413249375275209e-05,1.4425945425973578e-10,0.9810148376895994,0.0008106406361751109,3.6587092501153315e-38,2.0113704422973628e-19
AATGTGCCCGAGGTGT-1,0.0027544935518822884,0.0005654632990909694,5.597363896350014e-09,0.996265895512258,0.0004141420394037816,1.9374315672159954e-33,1.4343102797896516e-15
AATGTGCTAATCTGAG-1,3.920938513516587e-06,0.9941219605287333,1.1189158674183396e-10,0.0058485606684379994,3.536440152635357e-07,3.077308536768751e-16,2.5204108408080376e-05
AATGTTGTCGTGAGAC-1,0.0037264087853905825,3.133618853205486e-05,2.8772604820133027e-10,0.9945712689135852,0.0016709858247660918,1.821942570826903e-33,4.837791619203459e-17
AATTAAAGGTCGGCGT-1,0.07750880689567358,2.6747651849095224e-07,5.1439630920017457e-11,0.9223876953405223,0.00010323023584613934,1.0859400456816311e-42,6.796070503747883e-22
AATTAACGGATTTCCA-1,3.1668553643234093e-07,0.9985188918668502,7.553931741444499e-14,0.0014804559901441061,1.0069457027910893e-08,5.98780153174141e-20,3.253879367192699e-07
AATTAGCGCTGCAGCG-1,0.00197513816526803,0.00029319612583504536,8.814805948231159e-10,0.9962715666420372,0.0014600981853788186,2.3282715539880054e-34,1.3607367305736951e-16
AATTCATAAGGGATCT-1,0.8805351705059947,9.395147109155516e-12,6.38389618354927e-08,0.002441155039618955,0.11702361060602932,7.416004141343005e-47,4.250219649171834e-28
AATTCATTGTCATGCA-1,0.3627022692857992,9.93571818364252e-05,4.22278092250397e-07,0.632156399757092,0.0050415514971801426,5.412247243791057e-36,3.698196522372689e-17
AATTCCAAGCATGTAC-1,4.117092087143692e-34,1.7306517574943268e-15,3.3495737876316174e-31,1.5083749177778654e-29,2.206045572748829e-33,0.9991774167346446,0.0008225832653536559
AATTCGATTCGAGGAT-1,9.511845119724334e-25,9.451400895498246e-10,1.6739680415585627e-22,4.797606878053624e-22,1.636380015201324e-22,0.001320555789800933,0.998679443265059
AATTCTAGAGTTAGGC-1,0.005729030462098012,1.8986756954612873e-05,8.494983932890099e-10,0.9929105386900801,0.001341443241368893,7.102842742200452e-38,4.671671525353444e-19
AATTGAACGCTCTGGT-1,0.5943373082618102,3.3161606587382343e-09,8.9776009378958e-10,0.3992731944109407,0.006389493113328361,1.5684425147760246e-45,5.879865230236092e-26
