,0,1,2,3,4
AAACAAGTATCTCCCA-1,0.06102800870327736,0.9389345423365295,3.744854599851656e-05,4.141946629379501e-10,2.3195345287310583e-26
AAACACCAATAACTGC-1,0.05422582426802459,0.9456565939577046,0.00011758162330164535,1.5096902912074027e-10,8.279731603952448e-27
AAACAGAGCGACTCCT-1,0.8639867815095963,0.11593516896459949,0.020078049521630326,4.174029141637591e-12,1.6499804899797653e-28
AAACAGCTTTCAGAAG-1,0.003853793494950936,0.9961445316512507,1.6748369246793293e-06,1.6873651561940793e-11,2.7808779025350493e-32
AAACAGGGTCTATATT-1,0.0018124617475468482,0.9981872410731298,2.9716409763972087e-07,1.5225682725246998e-11,1.773322151847556e-28
AAACAGTGTTCCTGGG-1,1.6500714172200037e-29,1.0853443937798373e-27,2.1619426922869747e-29,1.1711710672981655e-09,0.9999999988288288
AAACATTTCCCGGATT-1,0.015767314757342058,0.9832276474983342,0.0010050375630681902,1.812554027571773e-10,6.2695101320091715e-27
AAACCCGAACGAAATC-1,0.23969176322299163,0.7379287168734724,0.022379519903351585,1.8432929991576458e-13,1.7581743088874314e-34
AAACCGGAAATGTTAA-1,0.029994843477278738,0.9699063088381553,9.884766670565768e-05,1.786014821781401e-11,6.983877103600959e-31
AAACCGGGTAGGTACC-1,0.006601642210154755,0.9933954367914255,2.920259343316741e-06,7.390761826622594e-10,3.0414212121170983e-26
AAACCGTTCGTCCAGG-1,0.02529813636233324,0.9746862637213367,1.5599872434054776e-05,4.389597446729178e-11,5.1998261125123335e-30
AAACCTAAGCAGCCGG-1,0.004363607685766516,0.875204622641694,0.000539026644838035,0.11989274301558334,1.211839563638982e-11
AAACCTCATGAAGTTG-1,0.028863465966193488,0.9711258123715456,1.0720857534961215e-05,8.047260545352659e-10,1.9967444510397003e-26
AAACGAGACGGTTGAT-1,0.6606485070122838,0.33929723090059905,5.4261076161318776e-05,1.0109557323334147e-09,1.7145179691798196e-26
AAACGCCCGAGATCGG-1,0.1355078520999438,0.8637002388241218,0.0007919090684123452,7.52221799713045e-12,4.0642127205751595e-33
AAACGGGCGTACGGGT-1,0.0025085092542304855,0.9974403131546741,1.1454367435470338e-06,5.00321543519099e-05,6.885654808983237e-21
AAACGGTTGCGAACTG-1,8.737707152834499e-27,7.116599765479168e-25,6.566978059929189e-19,1.3487364049009224e-09,0.9999999986512635
AAACGTGTTCGCCCTA-1,0.00585609936784337,0.0011111845406098443,0.9930327021308896,1.3960657410610052e-08,3.5893924342922867e-23
AAACTAACGTGGCGAC-1,0.6556056960871549,0.31548204234434063,0.028912241575322836,1.9993181638030453e-08,5.071796794697097e-24
AAACTCGGTTCGCAAT-1,3.108837363618181e-11,8.652460798837697e-08,2.997943371302943e-11,0.9999998496003721,6.381395211471406e-08
AAACTCGTGATATAAG-1,0.4198068339786613,0.27153698882406274,0.3086561770222193,1.7505657318145413e-10,7.683632291856073e-27
AAACTGCTGGCTCCAA-1,0.0040328115242503435,0.9959646094127458,2.5790555571987034e-06,7.446697153386819e-12,1.558013830445144e-32
AAACTTAATTGCACGC-1,0.11775737129924785,0.8674994297317602,0.014743195115708813,3.85328306259725e-09,1.382349326701608e-28
AAACTTGCAAACGTAT-1,0.012617866463230635,0.9873751874261615,6.945667796958991e-06,4.4281091874462475e-10,1.2914422663580212e-25
AAAGAATGTGGACTAA-1,0.0052620646058876555,0.9947359640895383,2.9786079778733494e-07,1.6734437761504645e-06,9.58741664752588e-21
AAAGACCCAAGTCGCG-1,0.9927778188387397,0.006346185185022598,0.0008759959762376306,1.721684388558524e-17,4.64851571550004e-41
AAAGACTGGGCGCTTT-1,0.8923767011681236,0.10731496385933177,0.00030833497244647676,9.816553890233195e-14,3.4338186292448667e-34
AAAGCTTGCCTACATA-1,0.00012246875411323757,1.1520651656320436e-06,0.9998763610768302,1.810389092167629e-08,3.062966070858997e-20
AAAGGCCCTATAATAC-1,0.009112185127603414,0.990883431659296,4.382885054590267e-06,3.2804606311744127e-10,6.470256755333625e-28
AAAGGCTACGGACCAT-1,1.507880253325318e-08,6.163204197254374e-05,1.1491043679688497e-08,0.9999383413375583,5.062286960494862e-11
AAAGGCTCTCGCGCCG-1,0.02533168171517613,0.9746613007712713,7.015248589906537e-06,2.264962656530243e-09,2.3158025019209326e-32
AAAGGGATGTAGCAAG-1,0.9319708177282622,0.003091451741206226,0.06493773053049892,3.2705370498903576e-14,4.6746714691411795e-32
AAAGGGCAGCTTGAAT-1,0.9717304542570253,0.02812836301925115,0.00014118206881386021,6.549096980595101e-10,2.839949709379942e-28
AAAGGTAAGCTGTACC-1,0.4013220253610822,0.008709377707611378,0.5899685962537043,6.776019183142416e-10,1.4637797063378966e-23
AAAGTAGCATTGCTCA-1,0.02378094040640834,0.976173737528659,4.5320657282619384e-05,1.4076500017903782e-09,5.404968191723298e-26
AAAGTCACTGATGTAA-1,0.9857867261907545,0.010545140311284711,0.003668133497959792,9.904225463242227e-16,1.327249130184583e-34
AAAGTCGACCCTCAGT-1,0.057310758782792744,0.942352009509911,0.0003372317030964344,4.199714678351368e-12,1.361183812016687e-32
AAAGTGCCATCAATTA-1,0.012574989550285832,0.9874136083751194,1.1401963730151968e-05,1.1086463677678224e-10,1.3477770168828551e-30
AAAGTGTGATTTATCT-1,0.2629707148686866,0.7369248480165846,0.00010443711299767962,1.7310892455273335e-12,5.035843229895177e-31
AAAGTTGACTCCCGTA-1,0.5401740780257026,0.45960573076015404,0.00022019121267281746,1.470480137984732e-12,1.146287598675509e-31
AAATAACCATACGGGA-1,0.8729394039480316,0.12180293814506148,0.005257657813961447,9.29452370558546e-11,8.438848501257447e-27
AAATAAGGTAGTGCCC-1,0.7845671102416926,0.0030115647165497817,0.21242132501771346,2.404415719143842e-11,2.0196886373768204e-27
AAATACCTATAAGCAT-1,0.02229595248051088,0.9777010881548769,2.9593636677758077e-06,9.44313817954324e-13,3.58679782704725e-33
AAATAGCTTAGACTTT-1,0.7960507919496513,0.17035019924476416,0.03359900874056338,6.50211318328412e-11,1.45979923680278e-27
AAATAGGGTGCTATTG-1,0.016946419051067852,0.9830348321958647,1.8747906100878846e-05,8.469663830060706e-10,7.685030584366115e-29
AAATCCGATACACGCC-1,0.0006024503096411889,0.8987480001593057,2.6957944726034014e-07,0.10064927995152982,7.600579367827062e-14
AAATCGTGTACCACAA-1,0.03049007010774369,0.9695017978470883,8.09874525477256e-06,3.329991310706726e-08,4.70004806699618e-23
AAATCTAGCCCTGCTA-1,0.15652102624999045,0.7899351424274766,0.05354383126635261,5.6180403245272745e-11,2.1017381762025325e-27
AAATGATTCGATCAGC-1,0.02440128776381756,0.00010911426422448935,0.97548959797194,1.8004328422770475e-14,2.846821594540061e-32
AAATGCTCGTTACGTT-1,0.9969520683798984,0.003041890646390399,6.040973684644174e-06,2.660026352290681e-14,5.640554875556966e-32
AAATGGCATGTCTTGT-1,0.986142602975375,0.01385351305241403,3.8839722069267275e-06,4.01498588536078e-15,1.1757607104303188e-34
AAATGGCCCGTGCCCT-1,0.002749254819845736,0.997250150446188,5.879987382719496e-07,6.73522771377676e-09,9.313595841878185e-28
AAATGGTCAATGTGCC-1,0.07804006235425649,0.9219500119849189,9.92529394571014e-06,3.6687888222904873e-10,8.484579256456961e-29
AAATGTATCTTATCCC-1,0.6819979284322363,0.3175418143673776,0.00046025718738476547,1.3001251637820626e-11,1.9195499307856912e-29
AAATTAACGGGTAGCT-1,0.18229565258383884,0.8176007090813923,0.00010363831898311138,1.5785738183689552e-11,4.003120681472789e-29
AAATTAATAAGCGCGA-1,0.9737968038693725,0.025427741990799363,0.0007754541348268787,5.00127461760361e-12,1.5423467899686908e-29
AAATTACACGACTCTG-1,0.8424271664591756,0.15712443015327096,0.00044840338673103337,8.22460526287178e-13,1.4481293735873412e-31
AAATTACCTATCGATG-1,0.9478023769905963,0.012960606000885312,0.03923701700851836,1.0483884528766797e-16,4.357061117849538e-37
AAATTCCAGGTCCAAA-1,0.11107342198400372,0.0357354731941325,0.8531911042050209,6.168428259016011e-10,6.901560964350247e-25
AAATTGATAGTCCTTT-1,0.042320691124874084,0.9572524074828822,0.000426801863728215,9.952851559076046e-08,3.784420870889889e-24
AAATTGGTGAGAAGCA-1,0.28902797149449827,0.49569609391092107,0.2152723979857639,3.536608816875284e-06,1.4342256842333256e-19
AAATTTACCGAAATCC-1,0.6305079137283177,0.30370793222735387,0.06578414639146699,7.652861348956782e-09,2.5913333241050447e-25
AAATTTGCGGGTGTGG-1,0.007217010588897093,0.9927816769031348,1.3124372090067402e-06,7.075922211828082e-11,1.04193936445323e-29
AACAACTGGTAGTTGC-1,0.21660231390308077,0.7833732860391582,2.4400057679488186e-05,8.149314271296403e-14,4.657427252909586e-32
AACAATACATTGTCGA-1,0.060621440741850274,0.9393539896333727,9.686798793122813e-06,1.4882825983944474e-05,2.7053797024716644e-21
AACAATTACTCTACGC-1,0.05321380048154415,0.9467713663930265,1.4824836741881545e-05,8.288687606989192e-09,2.75293625727413e-25
AACACACGCTCGCCGC-1,0.003312203520538363,0.996686728442841,1.0678895138719854e-06,1.4710664159191345e-10,7.596690394694965e-29
AACACGACTGTACTGA-1,0.7422038392063034,0.25427792491288265,0.0035182358801634926,6.504374529122775e-13,2.879648117772347e-33
AACACGAGACGCGGCC-1,0.0476896248425675,0.9514177182787442,0.0008926565909836693,2.877046167069143e-10,4.7497658471342875e-28
AACAGCTGTGTGGCAA-1,0.0503855772376212,0.9495761391951674,3.8280619526264016e-05,2.9476853190098388e-09,5.777296684188279e-27
AACAGGAAATCGAATA-1,0.8905109032642236,0.10944665447538843,4.244225926388275e-05,1.1241444716816855e-12,4.748868333441619e-29
AACAGGATGGGCCGCG-1,0.163131584129379,0.8368674925361766,8.90883942688198e-07,3.245050176039537e-08,1.9975126405263176e-26
AACAGGTAGTATGGAT-1,0.11295805615622147,0.8869912338097768,5.070961693803364e-05,4.170635243029712e-10,1.1510387328765402e-24
AACATATCAACTGGTG-1,0.003875255506119368,1.6563992037430132e-06,0.9961230880946756,1.219809068272655e-15,4.132173413752265e-30
AACATCGATACGTCTA-1,0.014459956237401041,0.0008725743292423225,0.9846674689762281,4.571286388271723e-10,3.5104923598347954e-24
AACATTGAAGTTGATC-1,0.10160245581375478,0.8427617044288258,0.055199182403172085,0.0004366573542472029,3.3007512312097015e-17
AACATTGTGACTCGAG-1,4.967525068241698e-11,4.78907573395511e-10,3.652519658824656e-13,0.9999959886495774,4.010821474470723e-06
AACCAAGACTTCTCTG-1,0.0030536771569200944,0.996944170929297,1.4581665955656945e-06,6.937471872382319e-07,2.2391737673005017e-23
AACCAGTATCACTCTT-1,0.9668944821443632,0.027174172568469424,0.0059313452871666925,5.783016720632112e-16,9.782571718665996e-36
AACCATAGGGTTGAAC-1,0.1096919591110882,0.8893268999702397,0.0009809533187686676,1.875999034619752e-07,2.603127821051689e-23
AACCATGGGATCGCTA-1,0.19564379591031825,0.8043486057726033,7.598316792907314e-06,2.8554530587192943e-13,1.2436711195864526e-32
AACCCAGAGACGGAGA-1,0.9667212531010453,0.03222448602226495,0.0010542608676464044,9.043376283597984e-12,5.751824228263879e-27
AACCCATCCCATGATC-1,0.0013280728555956649,0.9986718452121998,8.020810780805011e-08,1.7240970870402528e-09,1.2254643810328852e-26
AACCCGACAACCCGTG-1,2.1972677626638645e-25,6.605275024721231e-23,1.0734585156410151e-24,0.0002329399147470325,0.999767060085253
AACCCGAGCAGAATCG-1,0.03726649863693629,0.9627299445295276,3.551785089442349e-06,5.048446459671754e-09,1.2658196227453996e-25
AACCCGCTGTATTCCA-1,6.898814016786448e-07,7.903217541932068e-06,7.360136696840213e-10,0.9999914015973991,4.567643655279107e-09
AACCCTACTGTCAATA-1,0.9209068998331906,0.021749965390408632,0.057343134721186774,5.521401140493612e-11,1.620048460340397e-25
AACCCTGGTGGAACCA-1,0.9993716696904134,0.00048551909228033985,0.00014281121689987156,4.064773864536249e-13,1.1597084322150246e-30
AACCGAGCTTGGTCAT-1,0.6794794198091413,0.05909294397393794,0.2614276362169036,1.697999986550399e-14,1.6529213291432225e-32
AACCGCTAAGGGATGC-1,0.08830157606756377,0.9115921244363077,0.00010629870270190435,7.934266921371311e-10,1.9147353242352142e-28
AACCGTTGTGTTTGCT-1,0.9977152916294626,0.00039065316727569555,0.001894055156907878,4.63539046335181e-11,7.683786748029279e-24
AACCTCGCTTTAGCCC-1,0.01425978920266218,0.9856496313839492,9.056702410762452e-05,1.2389281170385254e-08,1.4376784706713497e-24
AACCTGTCACGGAATT-1,0.5868989324812132,0.4030106969973845,0.010090369375921074,1.1454811796387354e-09,1.3990262330727395e-22
AACCTTTAAATACGGT-1,0.0010748944442006832,0.9989229497597201,2.1557083738335094e-06,8.770538734396352e-11,1.0650510128617911e-30
AACCTTTACGACGTCT-1,0.982893946214238,0.015788647373463735,0.0013168222716794461,5.841406189625602e-07,2.5512972476231228e-19
AACGAAAGTCGTCCCA-1,0.016594263526238856,0.9833822945283647,2.34378989322622e-05,4.0464642251219105e-09,3.0538000146167065e-27
AACGACCTCCTAGCCG-1,0.014824080506331046,0.9851748650828447,1.0025498370558427e-06,5.186098733087736e-08,9.406761606296964e-26
AACGATAATGCCGTAG-1,0.01813931233660629,0.9818424195998248,1.826805769020222e-05,5.878750819572217e-12,1.4086299284013543e-31
AACGATAGAAGGGCCG-1,0.935605661526717,0.0643723600701824,2.1978402923482338e-05,1.769275303330078e-13,6.96101582931262e-35
AACGATATGTCAACTG-1,0.874499678497218,0.12453344892944512,0.0009668725726730888,6.637860371316369e-13,1.887998687782388e-30
AACGCATGATCTGGGT-1,0.6773380547639023,0.3116463570339359,0.01101558819008954,1.2072376195613747e-11,2.2114639068476078e-30
AACGCGACCTTGGGCG-1,3.5981603713520454e-21,1.2046547109183973e-18,1.384220303960613e-19,0.009600938956367759,0.9903990610436322
AACGCGGTCTCCAGCC-1,0.01399287423644145,0.000514726941136956,0.9854923988217591,6.626702593214779e-13,1.7272927925909094e-30
AACGCTGTTGCTGAAA-1,0.0002778764276220237,0.9997216797296445,1.3516578636130638e-07,3.0867694694697216e-07,6.373809646733999e-26
AACGGACGTACGTATA-1,0.0005429464452036982,0.9994568627046788,1.9068806833523748e-07,1.6204906279394733e-10,2.503852851312589e-30
AACGGCCATCTCCGGT-1,0.01434897109112262,0.9855610877017525,8.994118202208469e-05,2.510283268612732e-11,3.9582653094153865e-29
AACGTACTGTGGGTAC-1,0.003171813034849462,0.9968274006647333,7.862887432330598e-07,1.167408153538537e-11,2.620956215210977e-33
AACGTCAGACTAGTGG-1,0.6180450134384309,0.38176364738935875,0.00019133869779692597,4.7441324580037e-10,1.6864855469252447e-25
AACGTGATGAAGGACA-1,0.9737425288344532,0.025752597946055462,0.0005048732194868908,4.4625004643663035e-15,1.1595572749805623e-34
AACGTGCGAAAGTCTC-1,0.2134725025342626,0.7865268328116387,6.646529455454143e-07,1.1531762424946145e-12,1.7433112958626126e-32
AACGTTATCAGCACCT-1,0.997828882380815,0.0020330083882742615,0.00013810896742699316,2.6348386041773147e-10,8.313775772362101e-27
AACTACCCGTTTGTCA-1,0.4468815038826742,0.5499709806673433,0.003147515247429138,2.0255333738198582e-10,6.431952670918649e-28
AACTAGGCTTGGGTGT-1,0.008498493149701237,0.9914148829763411,8.662340169518143e-05,4.722626278940201e-10,1.569401431008272e-32
AACTCAAGTTAATTGC-1,0.046920521233683773,0.9530771700719209,2.3086714410383804e-06,2.2954109326875295e-11,1.8390733646618698e-30
AACTCCAGAGCGTGTT-1,0.7104630167162598,0.289430499908668,0.00010648337119677471,3.875586820039825e-12,2.2070923563571614e-33
AACTCCTAATCCCATG-1,0.6298292728030956,0.23518024469303603,0.13499048249769513,6.173062590872281e-12,5.126706734915277e-29
AACTCGATGGCGCAGT-1,0.9967842978394734,0.00240149986368894,0.0008142022863687594,1.0468828728431797e-11,2.3898487853062188e-29
AACTCTCAATAGAGCG-1,0.6304130962935651,0.36823610819382296,0.0013507954520023354,6.060960044419613e-11,4.927981474712181e-27
AACTCTCAGTGTGCTC-1,0.03740783734313351,0.9625805641219748,1.1598531742757827e-05,3.1489164966156627e-12,6.876998214009049e-33
AACTGAGGTCAGCGTC-1,0.11370618804656077,0.1419299559121751,0.7443638171522594,3.8889004744442924e-08,2.6056175198109164e-23
AACTGATATTAGGCCT-1,0.9947959825259222,0.004743098706933264,0.0004609187671277667,1.6460021850760576e-14,3.719266398549986e-32
AACTGGGTCCCGACGT-1,0.9295571015436827,0.016475548289060983,0.05396735016710309,1.5314886160785659e-13,1.7654765524663193e-29
AACTGGTGTGGGCCTT-1,0.9965997660326129,0.00037688520548060154,0.0030233487616186795,2.876120156344455e-13,2.2929011851045233e-31
AACTTCTGCGTCTATC-1,0.9667359399526468,0.031992255757825404,0.001271804176455384,1.130724638322839e-10,1.2240825399926753e-26
AACTTGCCCGTATGCA-1,0.011133655136158237,0.9888649525336155,3.7597623219745534e-07,1.0163539940168465e-06,3.9599178104793596e-25
AACTTGCGTTCTCGCG-1,0.9873177692265825,0.009160441576974168,0.0035137562874758966,8.032908967427685e-06,1.4053583643158653e-19
AACTTTACGGGAGCTT-1,0.5133807282867355,0.4837466124032496,0.0028726590763063467,2.3370856952984357e-10,4.375069695223094e-28
AACTTTCTCGATCATG-1,0.001293423039382902,6.832699344420287e-07,0.9987058936905574,1.252396399585389e-13,2.3183028495143135e-29
AAGAAATCACCAGATT-1,0.6362277807120698,0.04492170199039913,0.3188505159609764,1.3365546127371578e-09,9.451088791342276e-25
AAGAAGGATCAGTTAG-1,0.9970657886218426,0.0009719831093874519,0.0019622282687693582,6.900432429911924e-16,9.55022162010569e-35
AAGACATACGTGGTTT-1,0.10887720108230715,0.8908145412432408,0.0003082465378379561,1.113661416828771e-08,8.047435733737895e-23
AAGACCAAATAACTCA-1,0.10624505068350594,0.8935708696217433,0.0001837855033940202,2.9419135684484004e-07,6.121521288989208e-22
AAGACCCAACTGAACA-1,0.012381546260329876,0.9816373563550927,2.0873199851226647e-05,0.005960224184726105,7.71851145063886e-18
AAGACTGCAAGCTACT-1,0.39936763604386644,0.5994912091331767,0.0011410797718971195,7.505105976916734e-08,4.220521266516611e-24
AAGAGATGAATCGGTA-1,0.41502714045748035,0.5847926575982733,0.00018019988111015714,2.0631361688836677e-09,7.162443298368749e-26
AAGAGCTCTTTATCGG-1,0.9853034653915,0.014501608537672218,0.00019492607080796179,1.994938546955486e-14,3.510282424606182e-32
AAGAGGATGTACGCGA-1,0.04150385572769081,0.9584822842720082,1.3828055407683745e-05,3.194489311740244e-08,9.890991960641086e-25
AAGAGGCATGGATCGC-1,0.7365863679811623,0.2521101705111196,0.011303461455663034,5.205507109210265e-11,1.1135751917394383e-30
AAGAGGCCCTTTGGAA-1,0.020814064937085524,0.9791631879797504,2.2747033827411803e-05,4.9336385031807817e-11,4.84316135062713e-31
AAGATGGCACCGGACC-1,0.0048838581060381605,0.9938400969958748,0.00015951342770412674,0.001116531470382962,3.0492461667733558e-21
AAGATTGGCGGAACGT-1,0.8980053564596423,0.03298694694431248,0.06900769659555608,4.893445938224511e-13,1.6870995630629914e-30
AAGCACCCTGCGTATC-1,0.0006751269237600875,0.9993039606092686,1.920509190309436e-07,2.072041605221057e-05,3.921259502438535e-19
AAGCATACTCTCCTGA-1,0.0009514175596680976,0.9990473270780551,1.2474342156657224e-06,7.928060944857165e-09,2.997977963988255e-27
AAGCCACTTGCAGGTA-1,0.0009068008534651839,0.005939233869860317,0.025876057575827102,0.967277907602443,9.840433168534832e-11
AAGCCGAAGCGGTTTA-1,0.033922351892356074,0.966070609454488,7.037137910590789e-06,1.5152455811496453e-09,6.609691842355184e-26
AAGCCGCCGTGAAATC-1,0.007001543391783055,0.9929755613781915,2.2895168137433003e-05,6.188811258549351e-11,3.2469508594602604e-30
AAGCCGCTTTACCTTG-1,0.7897052604897191,0.010067629892148681,0.20022710961784002,2.9220447267821253e-13,6.002024372052968e-33
AAGCCGGAGAGCAGGA-1,0.06512174229416469,0.9348538147489119,2.4416695546906476e-05,2.626137631693557e-08,3.162418442358859e-26
AAGCGCAGGGCTTTGA-1,6.75672135633994e-13,1.6285684699595468e-09,9.652166632366321e-14,0.9999962066913658,3.791679293597522e-06
AAGCGGAGTGCGCGCA-1,0.00018876797304932227,2.3727078898301398e-07,0.9998109947547662,1.3955313258669727e-12,1.4783040325603785e-26
AAGCGGCGTCATGGGT-1,0.6902940714459156,0.006086440525988532,0.3036194880280445,5.134155149326035e-14,1.1793452273540624e-31
AAGCGTCCCTCATCGA-1,0.014110557754386854,0.9858660586959445,2.335860676847954e-05,2.4942900088622908e-08,1.5212870321608026e-24
AAGCTAGATCGAGTAA-1,0.007658783606404454,0.9923296015672045,1.161482626424931e-05,1.270033521994303e-13,1.1460800922568199e-35
AAGCTCGTGCCAAGTC-1,0.5679135124346306,0.4319985780014225,8.790956357610881e-05,3.7073150927902937e-13,1.356539550924969e-29
AAGCTCTTTCATGGTG-1,0.0006369779921418242,0.9993629895677691,3.2439975739636336e-08,1.1329416550825215e-13,7.837292789866649e-36
AAGGAGCGGTTGGTGC-1,0.0734608422820968,0.9265255155503542,1.3639999132182023e-05,2.16841702466613e-09,5.055027385902939e-26
AAGGATCGATCGCTTG-1,0.011817972102233358,0.0011423676369757302,0.9870396602561923,4.5984703049805826e-12,4.5897163512169335e-28
AAGGATGAGGGACCTC-1,0.9852265149813512,0.014308944336412846,0.00046454039421500953,2.88020830557763e-10,4.507047342994247e-28
AAGGCAGGCTGTCTCC-1,0.8422523441201458,0.1517302263437389,0.006017429533420576,2.694729930753109e-12,9.789870985694661e-32
AAGGCGCGTAAAGCTT-1,0.5105214810861332,0.4893464202520074,0.00013208194729692592,1.6714562663147058e-08,2.8519980517719512e-27
AAGGCTGTGCTCATCG-1,0.08085652749931947,0.91913973318422,3.739232605777643e-06,8.385489985469802e-11,1.2647820547202005e-29
AAGGGAACGACTGGCT-1,0.1107810138375962,0.8890228007774584,0.00019618525154595115,1.3339945730557405e-10,1.311782647567231e-29
AAGGGACAGATTCTGT-1,0.7674851174754179,0.20978245938176684,0.022732423142813103,2.0656272585542393e-15,1.4705087481906026e-36
AAGGGACTATGCATTC-1,0.007256575692536744,0.9927432235155623,1.9905028463609683e-07,1.7416163334706586e-09,5.498457050215848e-27
AAGGTATCCTAATATA-1,0.992097176108906,0.0053934068313069,0.002509417059770156,1.666281440815746e-14,8.102839897872664e-34
AAGGTGATAAACCAGC-1,0.03850397341319141,0.9614798564547969,1.617008731121847e-05,4.4700500199664684e-11,1.2543069926263188e-29
AAGTAGAAGACCGGGT-1,0.8724947320544219,0.12731338005571952,0.00019188788968054518,1.7799559558954856e-13,1.9039648310817544e-31
AAGTAGTGACGCGAGG-1,0.15348482276077952,0.8464429949944899,7.218185264802932e-05,3.9208260744427676e-10,8.059789619008379e-27
AAGTCAATTGTCGTCA-1,0.1326950927638658,0.8671505613757986,0.00015434583059197154,2.974355970542268e-11,6.720061583504376e-30
AAGTCTAGTAGCTGCC-1,4.6065474304154203e-07,1.0678873998851791e-08,0.9999995286663811,1.8636991396767387e-15,1.0297390559603893e-29
AAGTCTTCTGTGGCCT-1,0.5043243285360051,0.4946708920955814,0.0010047793662005787,2.2128912962152672e-12,2.4172061306008995e-35
AAGTGACGACCGAATT-1,0.001325885494602856,0.9984386498919562,3.3189116974587365e-07,0.0002351327222711284,3.472296917284867e-20
AAGTGAGTCGGGTTTA-1,9.446229652206953e-16,8.147160828023806e-12,1.8715250481988168e-17,0.9997563303474242,0.0002436696444275628
AAGTGCAAAGGTAGAC-1,0.8719174049820384,0.12805584590649147,2.674911119073689e-05,2.793624261287577e-13,7.049797661071449e-32
AAGTGCCTTGACTGTA-1,0.6197129807361645,0.37868546910874745,0.0016015500964917863,5.85962445590746e-11,3.1558885543692966e-28
AAGTGCGTTAGAATCT-1,0.011188999239712876,0.98880869136696,2.309057516479941e-06,3.3581063721841893e-10,4.1584137758316293e-26
AAGTGCTTCTCTATTG-1,2.3412378463662154e-30,1.2040254090755953e-25,8.21275053991045e-30,0.0001678135795323959,0.9998321864204676
AAGTGTTTGGAGACGG-1,0.21391536829513438,0.7850813799016193,0.00100325180231035,9.35943408097068e-13,3.043936740076358e-32
AAGTTCACTCCAAGCT-1,0.0027484721386260165,0.9972470997333776,4.427679316223489e-06,4.486802871741303e-10,2.1069023666320872e-29
AAGTTCAGTCTGCGTA-1,0.0962180854485639,0.00279952518903756,0.9009823893622879,1.1062658406402218e-13,8.316166467822101e-30
AAGTTCGGCCAACAGG-1,0.006889708236385722,0.9931054902273065,4.8015229144589136e-06,1.3393381346072632e-11,2.087941984162734e-34
AAGTTGTGATGTTATA-1,0.0011868455788414398,0.9988123742199291,7.795459575358855e-07,6.552717481787257e-10,4.709341378466976e-28
AAGTTTATGGGCCCAA-1,4.125038100827404e-18,8.16198060458686e-13,1.941540726143506e-18,0.9963669465926496,0.003633053406534291
AATAACAACGCTCGGC-1,0.016800789541876283,0.9831967444300134,2.465728326344904e-06,2.9978395999409877e-10,4.557384954837913e-27
AATAACACTAGAACAA-1,0.06093074253495878,0.9390679352951212,1.3221698127731075e-06,1.0710561520971117e-13,1.4165207202766313e-34
AATAATCTTCGTATCG-1,0.27193028667500163,0.7165506093289319,0.011518933096913294,1.708991532786532e-07,5.4756994686046545e-22
AATACAATGTTTCAGG-1,0.9980816844064803,0.0004923237325340802,0.0014259918609855694,2.089777660926177e-17,2.417955001457996e-37
AATACCGGAGGGCTGT-1,9.835077493891089e-12,7.298988197748266e-10,4.634199991829212e-14,0.9984127019806084,0.0015872972796112834
AATAGAACAGAGTGGC-1,0.11078354238824313,0.8891186753311955,9.778228045061588e-05,1.1070233635413952e-13,2.9545874994943505e-36
AATAGAATCTGTTTCA-1,0.009341752036950342,0.9906506892394192,7.558722064900774e-06,1.5655390468826328e-12,6.842980044125519e-32
AATAGCAAGCCTCCTG-1,0.9113285362067098,0.01888589017875885,0.06978557344979562,1.6473564566423702e-10,6.217816922355579e-29
AATAGCTACCGCGTGC-1,0.016454518292665303,0.0018723550211424355,0.9816731266738072,1.2385238278936584e-11,2.3518214392304426e-26
AATAGTCCGTCCCGAC-1,0.0022904363596322626,0.9976946646462339,1.4831711688872307e-05,6.728244492185243e-08,8.542626100518228e-26
AATAGTCGCGAGTCGG-1,0.9989592788072665,9.548346084565585e-05,0.0009452377318877653,2.0734639128351348e-18,6.749718983748707e-39
AATATCAAGGTCGGAT-1,0.8367627602885157,0.1465544679792352,0.01668275247278421,1.9259464897450055e-08,2.664486493919877e-23
AATATCGAATCAATGC-1,0.6991083884473387,0.30062631861602046,0.0002652929336175286,3.0232892277014815e-12,4.6359113051272824e-30
AATATCGAGGGTTCTC-1,0.8661769641143209,0.04464743099875391,0.08917560479821567,8.870940711108892e-11,2.587226649244941e-26
AATATTGGAGTATTGA-1,0.003619595325561395,0.996380068474998,3.230361318531954e-07,1.3163308498415581e-08,9.054277285297035e-23
AATCAGGTTTCATTTA-1,1.8305367777049932e-05,3.1200182148001834e-05,2.1816283486187217e-07,0.9999502761807378,1.0650211443800623e-10
AATCATGTAAAGACTC-1,0.11920549768764338,0.8763107141506891,0.0044837881064345,5.523308144046701e-11,6.372431387461228e-28
AATCCAAGGGCCTGAG-1,0.4220858617597269,0.5764059129095929,0.001508223952806453,1.3778738258357557e-09,7.352310563410517e-26
AATCGCCTCAGCGCCA-1,0.13235042756748133,0.8676241192912704,2.545311566784019e-05,2.558041894854826e-11,1.6845656915488977e-28
AATCGCGCAGAGGACT-1,0.5588645448839831,0.08761839782053696,0.3535170572934764,2.0034522540803555e-12,4.493045073846211e-32
AATCGGGACACTACGA-1,0.8922483723064738,0.00010641348764656118,0.10764521420535578,5.238257557426418e-13,1.5598993113205256e-31
AATCGGTATAGCCCTC-1,0.0024512749933210186,0.997535053164758,1.3514441357313613e-05,1.5740056355481703e-07,9.091342408870352e-22
AATCGTGAGCCGAGCA-1,9.364222321757676e-16,1.1518783047118338e-11,5.098832959367831e-18,0.04489498664685492,0.9551050133416253
AATCTAGGTTTACTTG-1,0.007590382313940972,0.9923991816915613,1.0435845846624056e-05,1.4865111619770247e-10,9.542089986048493e-28
AATCTATGCCGGAGCC-1,0.4827384104096248,0.009488319121397715,0.5077732704685821,3.9540931995918906e-13,9.271935850232882e-33
AATCTCTACTGTGGTT-1,0.0712249469696808,0.9218263732566181,0.006948679456466383,3.1723477016758607e-10,3.978639917997858e-31
AATCTGCGTTGGGACG-1,0.9858095065412861,0.002817451643335012,0.011373041815351537,2.732889413127755e-14,2.9562976753569825e-33
AATCTGGCTTTCTAGT-1,0.012550718081321875,0.98744362484074,5.618898675116602e-06,3.817926291218167e-08,8.315932850279585e-26
AATGACAGCAATGTCT-1,0.0012170945961614422,0.9987826378895673,2.6750601646389225e-07,8.254913498145417e-12,5.07869795169323e-31
AATGACGTAGGATGTC-1,0.034711537261806986,0.9652865446442807,1.918076388172884e-06,1.7524293673257944e-11,7.123787161805347e-26
AATGACTGTCAGCCGG-1,0.573158028065104,0.42682275954698473,1.9212384628218e-05,3.2831357885152124e-12,1.974470718950274e-29
AATGAGTTCGCATATG-1,0.9988209798218115,0.0008123820221849608,0.00036663810860867557,4.7394985965804424e-11,4.382830106465068e-28
AATGATGATACGCTAT-1,0.9906488033630242,0.00876158714523294,0.0005896094917314796,1.121622270071413e-14,4.763688710625984e-34
AATGATGCGACTCCTG-1,8.42872528880775e-05,1.0346408775668398e-07,0.999915609283023,1.1366862586701263e-15,3.705403275091333e-31
AATGCAACCGGGTACC-1,0.37839270890031473,0.6215419117797968,6.537931481990963e-05,5.0685072306577815e-12,7.131079050144873e-31
AATGCACCAAGCAATG-1,0.02267620040000199,0.00012148846126942862,0.9772023111387097,1.8771760963036812e-14,2.878136092337369e-29
AATGGTCCACCGTTCA-1,0.9892757948859057,0.007974144598625945,0.0027500604071002714,1.0836812815022865e-10,7.32332353790791e-29
AATGGTTCTCACAAGC-1,0.7993339161053287,0.2006327475164481,3.3336371661166795e-05,6.561871072467572e-12,3.819970296772507e-29
AATGTATGGCACTGTA-1,0.027446776014636798,0.9725381380776612,1.5085748664086809e-05,1.5903793159356845e-10,8.333938253317562e-29
AATGTGCCCGAGGTGT-1,0.006941439619581285,0.9930203807174139,3.8157477263440723e-05,2.2185741343871704e-08,7.772564509898396e-26
AATGTGCTAATCTGAG-1,0.0027966100100401516,0.7138544035358879,3.490429849404753e-06,0.2833454959789226,4.5300029782467234e-11
AATGTTGTCGTGAGAC-1,0.011011692122421363,0.9889558224275679,3.248293440574019e-05,2.5156050149862163e-09,4.6934984407836825e-25
AATTAAAGGTCGGCGT-1,0.042288520589712796,0.9577041851265014,7.2942610644355265e-06,2.2721248416079416e-11,5.259944732300701e-31
AATTAACGGATTTCCA-1,0.0008781416460824417,0.8886369931157377,8.627703540192288e-08,0.11048477896105834,8.625497054050008e-14
AATTAGCGCTGCAGCG-1,0.007292222402375987,0.9926739662078523,3.3807323932476e-05,4.065839207874222e-09,9.559386941189349e-27
AATTCATAAGGGATCT-1,0.9895219680289083,0.002756259448654008,0.007721772522437101,7.067862185681449e-16,3.0202739467439586e-34
AATTCATTGTCATGCA-1,0.4130842684314687,0.5860173816053449,0.0008983398261946826,1.0136991634708125e-08,3.7566378961952404e-26
AATTCCAAGCATGTAC-1,1.5123385640195983e-24,6.401714621535069e-22,7.610179397900629e-26,7.96747715826691e-06,0.9999920325228417
AATTCGATTCGAGGAT-1,2.9221976062559316e-16,9.97224715836703e-16,4.267380334121566e-17,0.45128912560415024,0.5487108743958485
AATTCTAGAGTTAGGC-1,0.01212506302887621,0.9878270225189238,4.7914174750000476e-05,2.774498672947753e-10,1.3844043212334446e-28
AATTGAACGCTCTGGT-1,0.5156063156236612,0.48400939879365645,0.00038428558264060086,4.179803395529072e-14,3.528531474529454e-33
AATTGCAGCAATCGAC-1,0.003940165514139754,0.996050653775379,3.717203257977017e-06,5.463507223124913e-06,3.7359830264787834e-20
AATTGCGTGGATTACA-1,0.08246307961645108,0.9175165005962619,2.041813193856222e-05,1.6553485589179812e-09,1.5557368786168493e-25
AATTGTGGTTGCCAAA-1,0.2049409657154069,0.7939382398580168,0.001120721244875617,7.318170067943346e-08,2.768560339371707e-25
AATTTGGGACATAGTA-1,0.8668201299464441,0.036648578828573794,0.09653129122490971,7.241533998025507e-14,4.1770522478346917e-32
AATTTGGTTCCAAAGA-1,0.9832827506484472,0.0027980290394760865,0.013919220312023065,5.3727777687564354e-14,7.683303382276349e-32
ACAAACCATGCGTCCT-1,0.34728279763515835,0.6525285846563896,0.000188610566745431,7.141706515186848e-09,1.2604732563886063e-27
ACAAAGCATGACCTAG-1,0.008735257738385578,0.9912635825807664,1.1596801266726085e-06,7.213429100214363e-13,1.1005832499636895e-32
ACAAATCGCACCGAAT-1,0.007179980545241025,0.9928192498311897,7.696044754734286e-07,1.9093839020598615e-11,2.488839510730079e-30
ACAAATGGTAGTGTTT-1,0.048488837184820825,0.9515022511498623,8.911644556349198e-06,2.076068567934134e-11,4.658916166866505e-27
ACAAATTCAGATCTGA-1,0.9538064374411062,0.04156288965679398,0.0046306729000395045,2.060201781388437e-12,1.480031650513916e-25
ACAACAGCATGAGCTA-1,0.8865017649182382,0.11336108078871397,0.00013715428988341773,3.1644674326658485e-12,4.748151694376512e-32
ACAACGGTCCCTGCGA-1,0.6229553960069382,0.3732681509527332,0.003776453034292989,6.035504529014674e-12,4.208369400453093e-31
ACAAGCAGTGCCTAGC-1,0.2741076004235039,0.7247178259335567,0.0011745716997510385,1.943188418508468e-09,1.61548516141184e-24
ACAAGCTATATGGAAG-1,0.6124857854505683,0.32207773303768655,0.06543648145702505,5.471994056952203e-11,6.86650920081405e-29
ACAAGGAAATCCGCCC-1,0.002686716315444773,0.997312367448458,9.159530158309228e-07,2.830814912256653e-10,8.502880789803262e-28
ACAAGGACAAGAGGTT-1,0.03438650664807075,0.9656017087486687,1.1784460593551773e-05,1.4266699664944965e-10,1.404388433061457e-27
ACAAGGATGCTTTAGG-1,0.01836681170955314,0.9816264807318268,6.707291595830691e-06,2.670242593741207e-10,3.4149666349070943e-29
ACAAGGCCTACCAGCC-1,0.12738905568023584,0.8725874700476343,2.3462883026202387e-05,1.1389103533279086e-08,2.2035440335718993e-27
ACAAGGGCAGGCTCTG-1,0.013722540064919339,0.9862752425892906,2.2173449603352823e-06,8.296512865007134e-13,8.767365082284928e-33
ACAATAGTCGTACGTT-1,0.019256861011682953,0.9807332720179229,9.85086763128892e-06,1.6102762760306702e-08,4.414726453246872e-24
ACAATCCATTTAAACC-1,0.2774148330895442,0.7224894159644191,9.575085299826975e-05,9.303853370168946e-11,2.4276954992291677e-30
ACAATGAATACGGAGA-1,0.01126688105974412,0.9887216699060228,1.1441894454984625e-05,7.139778133527717e-09,1.983042911547024e-26
ACAATGATTCTTCTAC-1,0.5672659565613979,0.14448106227514904,0.2882528428030689,1.3836038429258878e-07,2.0391335601147835e-20
ACAATTGTGTCTCTTT-1,0.000972166781270673,0.9990275347712535,2.9841011972265706e-07,3.735611661883345e-11,4.0951414896764927e-29
ACAATTTAGGAGGCTC-1,0.24175416432011376,0.758174949612464,7.088596819949929e-05,9.922267465600697e-11,1.5682558604277976e-29
ACAATTTGAGCAGTGG-1,0.979322520942301,0.020020646476852165,0.0006568325808360333,1.0931813545227567e-14,3.0337226156139596e-35
ACAATTTGGCCATATT-1,0.5375498756507228,0.028136355962138364,0.4343137683812468,5.892048290986065e-12,6.083303600073155e-29
ACACAAAGACGGGTGG-1,0.9823928774673545,0.01705688798190408,0.0005502345507411783,2.670623615546303e-16,7.434234240709067e-38
ACACAAATATTCCTAG-1,0.09963451429431233,0.008358235171377713,0.8920072505282821,6.027839014008243e-12,1.7308611591855367e-29
ACACACCAGGACCAGT-1,0.10513819131585803,0.894819839199932,4.1969362266718235e-05,1.2194320922544917e-10,6.807353702157722e-29
ACACACTTTCTACACG-1,0.809130213055091,0.19081402454550922,5.576236428323657e-05,3.511632506434806e-11,3.081861785501738e-28
ACACATGATCAAATCT-1,0.017357665466007696,0.9826180517463904,2.4268516817145935e-05,1.4270784952493115e-08,2.0342207173247773e-24
ACACATTTCCGTAGAC-1,6.37172953804729e-35,1.3433358707918813e-32,3.925619495843889e-35,4.4356381768996335e-11,0.9999999999556437
ACACCACATAATTAGC-1,0.43099336029732693,0.001444837023993811,0.5675618026742175,4.461661163017357e-12,1.3876179839436146e-26
ACACCCAGCATGCAGC-1,0.8884315665928216,0.11151766883333439,5.0764571575187026e-05,2.2688229249558736e-12,4.296707016231882e-33
ACACCCGAGAAATCCG-1,0.5664371584828128,0.43351420896275494,4.863240995393503e-05,1.4447833373683896e-10,5.256926603044189e-27
ACACCGAGCGCTCTTT-1,0.9855341772107984,0.0010021380676083695,0.013463684721008241,5.85045878962059e-13,7.937799366958698e-34
ACACCGGTCTGACCGC-1,0.07274746483254164,0.9272066297846603,4.5905219486926384e-05,1.6331114771232002e-10,2.861255186314736e-29
ACACCTTAAGTAGGGC-1,0.2618330141283412,0.7380900929911399,7.651510604232917e-05,3.777744764308876e-07,3.217996808692134e-21
ACACCTTACTACTTGC-1,0.16754821385934593,0.8322465157606713,0.00020526604434442297,4.33563842731162e-09,1.0699951007178468e-23
ACACGAGACTCCTTCT-1,0.5482194485304315,0.4491842992193911,0.002596252234307785,1.5869629085131676e-11,8.797650006374497e-29
ACACGGCACTATGCAT-1,0.9796988059868715,0.01907829130398982,0.0012214983302359821,1.4043789026233883e-06,4.3320110014788576e-19
ACACGGGAACTTAGGG-1,0.9451709706594768,0.042395221927370885,0.012433807413148838,3.616656236646433e-15,4.806391155727313e-35
ACACGTAGGCCACAAG-1,0.001690968661604319,0.9983027609639447,6.2641334991522435e-06,6.240951731491557e-09,7.86528655504417e-25
ACACTCCAATGTCACT-1,0.9217121957629684,0.07768983764010894,0.0005979659530996181,6.438230620398741e-10,3.6724574869023635e-26
ACACTGATCAAGGTGT-1,0.024942655772181813,0.9750266890109122,3.0655213481792286e-05,3.4241170735969705e-12,1.1168415065828725e-31
ACACTGGGACAGTCGT-1,0.043700211612588136,0.9562987622511142,1.022012217232953e-06,4.124080298312922e-09,5.210236411214926e-26
ACAGAACTGAGAACAA-1,0.012920196805696992,0.9870755650918339,4.238043522272757e-06,5.894682844535061e-11,8.7095095545471e-29
ACAGATTAGGTTAGTG-1,0.997976984497472,0.002002776077810614,2.023942471678237e-05,7.546831081377181e-16,3.171463413337431e-38
ACAGCATAGAGCCAGT-1,0.9174130820116738,0.0801618789746223,0.002425038301950641,7.117532843269767e-10,2.939525687246982e-23
ACAGCGACATTCTCAT-1,0.0077986719842378744,0.9921969175904799,4.400522851770231e-06,9.90243062980917e-09,2.351796169050287e-25
ACAGCGCACCCGCAGC-1,0.7506596264822206,0.24903019025032322,0.0003101832629719375,4.4842433067574054e-12,2.0178662690181042e-30
ACAGGCACGGATCCTT-1,0.001591164817583421,0.9823641848138165,1.5827945238707588e-07,0.016044492089145535,2.2750774486290705e-15
ACAGGCTTGCCCGACT-1,0.002669436193810435,0.9973291245662935,1.4307458689984092e-06,8.494027144412063e-09,1.0283168509390636e-25
ACAGGTGGAGGTGAGG-1,0.05935374046390827,0.9406268817112362,1.9377794773795907e-05,3.008187404881638e-11,3.9573635542278984e-29
ACAGGTGTGTTGTTGC-1,0.6457711980482017,0.3489014918821971,0.005327307281361453,2.788239884758143e-09,4.826859794108013e-27
ACAGTAATACAACTTG-1,0.005518939130450373,0.9944794235251605,1.6372824696591066e-06,6.191948301028312e-11,6.642818074812751e-28
ACAGTATACCGTGGGA-1,0.02905415063042765,0.00020369570725562092,0.9707421536605667,1.7501237111775245e-12,1.063458931559391e-28
ACATAAGTCGTGGTGA-1,0.019895889980916112,0.9800743529622177,2.7998110722930284e-05,1.7589461432411528e-06,7.442867573028947e-23
ACATAATAAGGCGGTG-1,0.9189058205595833,0.08091018509585562,0.0001839943445600474,1.0001439272702587e-15,2.1119266864989858e-36
ACATCAGCTGGGACGC-1,0.7115730093895544,0.2877059548474002,0.0007210314500273645,4.313018174887099e-09,3.1344665556046787e-26
ACATCCCGGCCATACG-1,0.05769265735355879,0.9414998908477337,0.0008074516431515658,1.555559605616693e-10,1.638355595371974e-28
ACATCCTGGTAACTGT-1,0.3182853443703553,0.675468368330542,0.006246287295618161,3.484360247627605e-12,3.685527093694528e-31
ACATCGATCGTTTACC-1,0.03218169674180045,0.9677655190628431,5.276420527015372e-05,1.9990086067975767e-08,7.985017856940592e-26
ACATCGGTCAGCCGCG-1,0.31567590342461743,0.6838090218539498,0.0005150655200526804,9.201380149518748e-09,6.544814663419982e-25
ACATCGTATGCAATGG-1,0.0021179530454905086,0.9978817487087327,2.9818136805829045e-07,6.440867306583018e-11,5.650432225353175e-29
ACATCGTTAACCTAGT-1,0.9888307222565582,0.004729641260112683,0.006439636482768699,5.604047917465479e-13,5.570045633469971e-33
ACATGCTTACGGCAGC-1,0.10621233810208551,0.8552778477543082,0.0002365935449433171,0.03827322059866254,5.430199282195235e-16
ACATGGCGCCAAAGTA-1,0.906525210418214,0.039501689515873614,0.0539731000632882,2.624139907007076e-12,1.5376521123126413e-29
ACATTAGTTTATATCC-1,0.03606296311150264,0.9639146049722792,2.243187177164484e-05,4.444644816759233e-11,5.948828405100521e-30
ACATTCGCGCGGAATA-1,0.783413504265466,0.21616427558484586,0.00042221995087073045,1.9881759403077627e-10,3.1101737994667127e-30
ACCAAACACCCAGCGA-1,0.30570503221688405,0.031316817920396,0.6629781498586961,4.023852315918741e-12,2.9758749047242713e-32
ACCAACACCACACACT-1,0.02140773877378771,0.0005628012890988436,0.9780294599366299,4.83537163159492e-13,4.58738701950271e-30
ACCAACCGCACTCCAC-1,0.014152192414177311,0.9857863861570997,2.0967347452057818e-05,4.0454081270915646e-05,2.4000781118029395e-21
ACCAACGCTTATTTAT-1,0.03578523237019365,0.9641970973223989,1.7670303830155454e-05,3.5773975439998e-12,1.90885815255741e-33
ACCAAGAACGCGTGTC-1,0.9206765142389404,0.07885107843925179,0.0004724073175542008,4.2535940660471175e-12,5.1991477860105934e-30
ACCAAGTCATCGGCAG-1,0.011760243038844516,0.9878559538049456,0.00037554205105359557,8.261105156121183e-06,2.269659530561285e-19
ACCAATATGCAAGTTA-1,0.05284297959628633,0.9471430946980186,1.3925679676514424e-05,2.601854534520248e-11,3.329222115079249e-30
ACCACAACTCAGAACA-1,0.8296749480059588,0.03968015479838554,0.13064489719001335,5.642209523464e-12,3.653987206369298e-32
ACCACAAGTTTCTATC-1,0.02329914725448703,0.9765329271345108,0.00016791972036628354,5.89063584187543e-09,6.709675810233791e-26
ACCACACGGTTGATGG-1,2.9083802002836805e-32,8.619284534958392e-30,5.891343068066931e-31,7.298901887582546e-09,0.9999999927010981
ACCACCAATGTAACAA-1,0.3190469727059989,0.673721084541939,0.007231942748403263,3.658784139435698e-12,7.537223858437838e-30
ACCACCCTCTCTTCTA-1,0.7565720070594862,0.050359258025957886,0.1930687340401714,8.743845430821075e-10,1.457102629203392e-25
