,0,1,2,3,4
AAACAAGTATCTCCCA-1,0.0005608416597319586,9.355852340639424e-05,1.6238660060641792e-11,0.7377684155698729,0.2615771842307502
AAACACCAATAACTGC-1,3.021913794495089e-09,3.738351531094199e-09,5.554235595505039e-19,0.9999039384290195,9.605481071513359e-05
AAACAGAGCGACTCCT-1,0.9475878401854927,0.041013403125155674,2.439716111192677e-06,1.334283872624969e-06,0.011394982689367752
AAACAGGGTCTATATT-1,7.764274065320376e-06,1.7200685965316035e-05,4.525767487022862e-14,0.9959465919075396,0.004028443132384664
AAACATTTCCCGGATT-1,4.128704848515709e-06,0.0004634445684743582,5.632925705930673e-13,0.9985221692116008,0.0010102575145131197
AAACCCGAACGAAATC-1,0.015378280039403676,0.42479868682963057,4.716928605528069e-08,0.013100862798244212,0.5467221231634356
AAACCGGAAATGTTAA-1,0.002240478621548437,0.021987657232489063,4.062158558065682e-12,0.7185610139259986,0.2572108502159018
AAACCGGGTAGGTACC-1,9.183847652638726e-05,2.1582858715128495e-06,1.3256860408431218e-17,0.6877968423992699,0.31210916083833234
AAACCGTTCGTCCAGG-1,9.556652524665284e-06,8.3252018179453e-08,7.124965834245601e-16,0.9952865913281619,0.004703768767294448
AAACCTAAGCAGCCGG-1,6.029665085829157e-09,5.815057270419189e-07,5.4404872711950955e-17,0.9999711768356139,2.8235628994087013e-05
AAACCTCATGAAGTTG-1,0.0040693919058513,0.010257809886781048,4.645434440567205e-11,0.0853959195059614,0.9002768786549519
AAACGAAGAACATACC-1,0.7574790103901258,0.1943867514857945,1.2876166158868118e-10,0.00016464504258806629,0.04796959295273022
AAACGAGACGGTTGAT-1,0.236764898852294,0.0035822455502476946,4.0487872213582285e-12,0.08476674752082426,0.6748861080725853
AAACGCCCGAGATCGG-1,0.00048543587655054443,0.00011550544177356817,7.029579267250197e-14,0.8986460501524182,0.10075300852918741
AAACGGGCGTACGGGT-1,4.0649295532836996e-05,0.00010009205557584375,4.85562617986908e-17,0.9903350322839303,0.00952422636496102
AAACGGTTGCGAACTG-1,1.467981462471441e-09,0.0003212686586987906,3.8206816021542645e-10,0.999670700321142,8.029170109420828e-06
AAACGTGTTCGCCCTA-1,1.077300438352416e-06,0.9999987219879078,1.2792032933518735e-07,6.929216308332442e-09,6.586210815627809e-08
AAACTCGGTTCGCAAT-1,3.9163700863080434e-06,0.08668335965670734,1.5281368742501985e-09,0.906150874366595,0.007161848078474431
AAACTCGTGATATAAG-1,6.2240180415541075e-06,0.7042694426762939,0.2957240812467635,7.026809963264035e-09,2.4503209096087717e-07
AAACTGCTGGCTCCAA-1,5.929608264282037e-06,4.979052217031141e-07,1.2702071925571273e-17,0.9927308311579255,0.007262741328588444
AAACTTAATTGCACGC-1,8.843956825361789e-06,1.6074010011137391e-06,1.7781445987475774e-16,0.9368230166508574,0.06316653199131608
AAACTTGCAAACGTAT-1,7.694934198865869e-05,5.329907552736145e-05,1.2921065354503313e-13,0.8251029725170146,0.1747667790653402
AAAGACATGAAGTTTA-1,0.018054243581074665,0.0017734616945450715,4.461903843277961e-14,0.8849985689047549,0.09517372581958072
AAAGACCCAAGTCGCG-1,0.905359768375244,0.0016279837506955272,4.368365567593775e-12,1.472580199164894e-05,0.09299752206770046
AAAGACTGGGCGCTTT-1,0.016884508708520148,0.00010955939720529775,2.422234632928876e-13,0.0021261091235821117,0.9808798227704503
AAAGCTTGCCTACATA-1,3.9815888377897395e-14,2.328359792682008e-11,0.9999999999755946,1.0820756251213244e-12,9.944331350674621e-17
AAAGGCCCTATAATAC-1,0.0009844782806294654,2.8614352913341963e-05,2.7689178162132873e-13,0.9396463206604979,0.0593405867056824
AAAGGCTACGGACCAT-1,2.718868637463277e-07,5.309897165900852e-08,6.831493893521037e-17,0.9996874908856372,0.00031218412852728063
AAAGGCTCTCGCGCCG-1,0.0018493623595511037,1.158768697641792e-06,1.7521737970298045e-15,0.5901557037091194,0.40799377516263013
AAAGGGATGTAGCAAG-1,0.47054783824508783,0.0005025379510268828,2.8524611432960567e-09,0.005850178776696872,0.5230994421747271
AAAGGGCAGCTTGAAT-1,0.4740727252570511,0.0001418228017380028,1.780891235718248e-10,2.744435645792107e-05,0.5257580074066639
AAAGTAGCATTGCTCA-1,6.367968355605658e-08,1.6971572437416288e-08,4.89736493819178e-19,0.9997200466594216,0.00027987268932241313
AAAGTCACTGATGTAA-1,0.9790223438778082,0.00045745431550920664,4.2692502502144075e-11,0.00011442740267417068,0.02040577436131591
AAAGTCGACCCTCAGT-1,0.0006844265612666706,0.00018828991770430343,8.103685576576223e-16,0.16334200882992342,0.8357852746911049
AAAGTGTGATTTATCT-1,0.0008798391642330765,0.00018230958996632456,3.5308467436001095e-14,0.4326841800162009,0.5662536712295644
AAAGTTGACTCCCGTA-1,0.015513681126385289,0.3363127102644227,2.4330409413450776e-08,0.022094801757268835,0.6260787825215138
AAATAACCATACGGGA-1,0.098813346381755,0.8422336874187688,1.3330366248668112e-11,0.01606630501568297,0.04288666117046275
AAATAAGGTAGTGCCC-1,0.907315932053883,0.08476874520876926,3.519212679204206e-08,1.6233890539699175e-06,0.007913664156167071
AAATACCTATAAGCAT-1,0.0001468440850478378,6.089216546420022e-06,1.1487719180341793e-14,0.9261908830148752,0.07365618368351909
AAATAGCTTAGACTTT-1,0.0033458156569974415,0.9958293382994589,1.8892446920797608e-09,2.4947312331009715e-06,0.0008223494230658887
AAATAGGGTGCTATTG-1,1.3363540681624724e-05,0.0017752350014250717,6.323994200182137e-14,0.9813315647547146,0.016879836703115575
AAATCCGATACACGCC-1,2.412134394000955e-06,3.0030797605514905e-05,3.3091358634739177e-15,0.999745039025803,0.00022251804219423788
AAATCGTGTACCACAA-1,0.0011444877154129982,0.00010849163843093194,1.4935540952103282e-12,0.5470746449901582,0.4516723756545043
AAATCTAGCCCTGCTA-1,0.0021427963460099817,0.03433093031973427,2.599052807926985e-10,0.8967108608562359,0.06681541221811461
AAATGATTCGATCAGC-1,0.00018525720176841632,0.7899560918834531,0.20985500263289367,3.953131916376385e-08,3.608750565798728e-06
AAATGCTCGTTACGTT-1,0.5075387470227425,0.00037105495137117835,1.764230214945672e-10,0.0006322410506677451,0.4914579567987956
AAATGGCATGTCTTGT-1,0.9030655767694148,6.057388831990979e-05,5.111648379938486e-13,0.00013220673160381483,0.09674164261015032
AAATGGCCCGTGCCCT-1,9.391808984016278e-09,3.5038582147699503e-08,8.579338937128044e-17,0.9998022964395953,0.0001976591300135329
AAATGGTCAATGTGCC-1,0.0021196567163527576,0.00010397951770406702,1.5341118193348195e-16,0.12301492428863724,0.8747614394773058
AAATGTGGGTGCTCCT-1,0.0696936065080588,0.0019208570363027145,7.0677356110324165e-09,0.05970195668355448,0.8686835727043485
AAATTAACGGGTAGCT-1,0.0035444154879487096,6.014742832402662e-05,8.685914829396297e-14,0.017105239197468883,0.9792901978861716
AAATTACACGACTCTG-1,0.4552980798296414,0.004309841180194211,4.789104683388444e-09,6.500600452872368e-05,0.5403270681965309
AAATTACCTATCGATG-1,0.9794203182513603,0.01814504027288208,5.1431906058301804e-08,1.2229826400247991e-05,0.002422360217451089
AAATTCCAGGTCCAAA-1,0.005500658183136678,0.9882156779015466,5.545463764079296e-13,0.0003316153168652742,0.005952048597897017
AAATTGATAGTCCTTT-1,6.7559195212454455e-06,6.768741784566365e-06,3.005031244871499e-17,0.9970006229646032,0.0029858523740910084
AAATTGGTGAGAAGCA-1,6.130833118353981e-07,0.9999982258993874,7.743642544855187e-07,2.6218234957584877e-07,1.2447069676597217e-07
AAATTTACCGAAATCC-1,0.8123511494288043,0.17718867674887925,3.7521265681006e-09,8.611207852461611e-05,0.010374057991665186
AAATTTGCGGGTGTGG-1,2.363029761734754e-06,1.9661248126240044e-07,2.2211683987209203e-18,0.9893487614229501,0.010648678934806803
AACAACTGGTAGTTGC-1,0.007037151544897639,5.730098699233122e-06,3.047347244947961e-16,0.0001985691417283994,0.9927585492146745
AACAATACATTGTCGA-1,0.00020153020301810897,1.076880911766744e-05,2.887313196989336e-17,0.9761869167536984,0.023600784234165534
AACAATTACTCTACGC-1,0.0907499900421332,0.00010860484166906088,1.1645824157394452e-11,0.011671127151250077,0.8974702779533019
AACACACGCTCGCCGC-1,5.782791758992789e-07,8.94890476582544e-07,1.514366753081609e-16,0.9988975133366202,0.001101013493727131
AACACGACTGTACTGA-1,0.9848705838913728,0.0002537060104263471,3.428038397988462e-11,0.0005487682114365807,0.014326941852483635
AACACGAGACGCGGCC-1,0.00012690270240399282,2.357919455636226e-05,1.1302784597993474e-14,0.9454750219730246,0.05437449613000361
AACACGCGGCCGCGAA-1,0.8128027759205656,0.0018750722523431333,7.382704768215014e-10,4.063963890466793e-05,0.1852815114499161
AACAGCTGTGTGGCAA-1,2.002416377943467e-06,5.068858584518539e-07,7.011071077449881e-20,0.9820941790250397,0.01790331167272379
AACAGGAAATCGAATA-1,0.8427539876219509,0.00039682200918867946,2.373007523766719e-12,3.58630072586232e-05,0.15681332735922887
AACAGGATGGGCCGCG-1,0.004381189986812732,0.011016706048118961,2.441902354162867e-13,0.016840860889182862,0.9677612430756412
AACAGGTAGTATGGAT-1,0.002001432984327859,0.02366673054961682,7.906022995781811e-13,0.06124630691465235,0.9130855295506123
AACATATCAACTGGTG-1,0.9831701433156199,0.01662148878997456,2.2661087484754993e-09,1.5835353957609292e-06,0.00020678209290097874
AACATCGATACGTCTA-1,0.0027452805238179757,0.9970752993315117,0.00017805498697188562,9.512765581155777e-10,1.3642064219666485e-06
AACATTGAAGTTGATC-1,0.008238018156947712,4.428791094201768e-05,5.95900623631308e-15,0.5715199021954657,0.4201977917366387
AACATTGTGACTCGAG-1,7.73643767164756e-06,4.7209691020698024e-07,3.2905065661223575e-12,0.9994099630011994,0.000581828460928228
AACCAAGACTTCTCTG-1,0.005308761107628704,0.0003358091718441144,3.024232118555899e-17,0.3440174778696948,0.6503379518508325
AACCAGTATCACTCTT-1,0.7833387725353358,0.061652341286370864,4.2321256366411947e-10,0.0024532247184926286,0.15255566103658819
AACCATAGGGTTGAAC-1,6.611372666890337e-08,1.5888741305007452e-07,9.872633756841242e-20,0.9982554880559608,0.0017442869428996727
AACCATGGGATCGCTA-1,0.9395969871722585,0.0008333817622674963,2.447982238912861e-13,1.86984626306064e-05,0.059550932602598784
AACCCAGAGACGGAGA-1,0.7024958026258926,6.23964661791078e-05,1.5280522380840614e-13,0.00046332575152635043,0.296978475156249
AACCCATCCCATGATC-1,4.450456928993785e-07,1.5974656176272905e-08,6.973722003526322e-18,0.9955892335857869,0.004410305393863899
AACCCGACAACCCGTG-1,9.213498405310861e-08,3.284716881795662e-06,5.0723346894221206e-14,0.9998641966594721,0.0001324264886112755
AACCCGAGCAGAATCG-1,1.3325342130932624e-05,0.002385840641064305,1.0558704201593123e-12,0.9832591831325718,0.014341650883177114
AACCCTACTGTCAATA-1,0.011285276740376415,0.9106054318827581,1.8794252031975808e-06,0.0004218969922498332,0.07768551495941241
AACCCTGGTGGAACCA-1,0.8515228149451196,9.39058157791018e-05,1.4089975362713075e-08,0.004778297155039281,0.1436049679940865
AACCGAGCTTGGTCAT-1,0.4634727260936504,0.0010315781150051688,1.8036735714651122e-09,0.03789729941236868,0.4975983945753022
AACCGCTAAGGGATGC-1,9.022390942652173e-05,3.6406807088997566e-05,7.40840044094076e-16,0.8461298544021336,0.15374351488135013
AACCGTTGTGTTTGCT-1,0.9268599282690695,5.8930354846082266e-05,1.8617198666710306e-14,1.3339499777856372e-06,0.07307980742608823
AACCTCGCTTTAGCCC-1,2.2728456994403875e-07,2.660382077094593e-06,3.690224788456216e-17,0.9993820067875355,0.0006151055458174864
AACCTGTCACGGAATT-1,0.006176697773845895,0.7357353364507031,1.5485024208179274e-14,0.03578332503517606,0.22230464074025943
AACCTTTAAATACGGT-1,0.00010803460246353841,0.0005822271623404213,5.59688455751156e-16,0.9930142647824441,0.006295473452751345
AACCTTTACGACGTCT-1,0.4336739649297449,0.25243943390954554,1.0879062909977154e-11,0.0036892091506709685,0.3101973919991595
AACGAAAGTCGTCCCA-1,2.7826602960455437e-05,4.191783659652079e-05,2.2252969681839173e-16,0.7869507912837366,0.21297946427670628
AACGATAATGCCGTAG-1,6.706286116281322e-07,2.1970110465999363e-05,1.8794226839488678e-16,0.9984391282328932,0.0015382310280289285
AACGATAGAAGGGCCG-1,0.14997069679756378,0.007598400301907088,1.0393051988717353e-11,0.0003043518909979088,0.8421265509991381
AACGATATGTCAACTG-1,0.9901131640532803,0.0007946214784973834,1.8290854595079022e-09,1.8195883458974097e-06,0.00909039305079101
AACGCATGATCTGGGT-1,0.01665212999512255,0.977238548624796,2.615057551276619e-10,3.855589808057104e-05,0.006070765220495079
AACGCGACCTTGGGCG-1,2.0169015246926086e-07,1.7458886295563607e-06,6.40877730476905e-11,0.9997416752624299,0.00025637709470032095
AACGCGGTCTCCAGCC-1,0.9539197773656893,0.040757294556960894,5.588160492065778e-08,2.1287891340330918e-05,0.005301584304404729
AACGCTGTTGCTGAAA-1,1.0303014748910538e-06,1.1871611273964868e-05,9.302458402690328e-16,0.9939153934698631,0.00607170461738721
AACGGACGTACGTATA-1,7.282405430108471e-07,2.083963563453084e-06,1.5133856322385573e-16,0.9989090801446838,0.001088107651209658
AACGGCCATCTCCGGT-1,2.6985710170782744e-06,1.8253604801221064e-07,2.1621633839045493e-16,0.9788700999074076,0.021127018985527293
AACGTACTGTGGGTAC-1,8.73275258696214e-06,3.814144131760014e-08,3.806467884370441e-15,0.9967748968324259,0.003216332273542195
AACGTCAGACTAGTGG-1,0.7185033627341347,0.0171775522043682,1.3220067625331425e-07,0.0003064331587107111,0.26401251970211004
AACGTGATGAAGGACA-1,0.029441247850343903,5.0720870598563024e-05,8.91976810803101e-13,0.0020322964140695008,0.968475734864096
AACGTGCGAAAGTCTC-1,0.7321367310069731,0.015486761569956356,5.681270628357649e-13,0.009478783154008713,0.24289772426849376
AACGTTATCAGCACCT-1,0.6887620047584766,0.0916211409551638,0.0005891881571435844,0.00272000639820641,0.21630765973100974
AACTACCCGTTTGTCA-1,0.31237737345360655,0.18372573153043326,9.253247714851025e-09,0.017871397718591024,0.4860254880441215
AACTAGCGTATCGCAC-1,0.9782085192841451,0.0014218430713618488,3.9299497443419004e-11,4.3786189279071654e-07,0.02036919974330082
AACTAGGCTTGGGTGT-1,9.005692341886462e-06,1.023049358449259e-05,2.23836634819506e-15,0.9993650488640416,0.0006157149500296355
AACTCAAGTTAATTGC-1,0.00012371299475512495,6.061789440899088e-06,5.106173556864195e-15,0.8952136163999925,0.10465660881580635
AACTCCAGAGCGTGTT-1,9.33618222484602e-06,1.82155494476086e-06,3.561784953117641e-16,0.997440414885215,0.0025484273776149053
AACTCCTAATCCCATG-1,0.5165760820879264,0.23072290717456864,3.14174047675142e-12,0.005456624854176192,0.24724438588018707
AACTCGATGGCGCAGT-1,0.9996416414344469,3.411985444967507e-05,6.38923386037093e-09,5.7152750953432265e-08,0.0003241751691183378
AACTCTCAATAGAGCG-1,0.08321143215564818,0.8763000179383731,9.355865035378938e-08,0.00039790554733480974,0.04009055079999358
AACTCTCAGTGTGCTC-1,0.0005614508344112467,2.036230448674586e-06,5.008431634763999e-12,0.9596795646517542,0.039756948278377294
AACTGAGTTATACTGA-1,0.1734992834033243,0.0006275917735230497,8.479667149533592e-09,0.009221128794214923,0.8166519875492706
AACTGATATTAGGCCT-1,0.5930781026925248,0.0021802986928712116,4.0611908752104804e-13,0.002276433121441073,0.40246516549275685
AACTGGGTCCCGACGT-1,0.9276865358116985,0.06449336873676419,0.004831201027558493,4.664937800433709e-06,0.0029842294861782913
AACTGGGTTCGAGCCG-1,0.043732194391624485,0.034580075088814485,8.200733721300223e-11,0.6694457446995273,0.25224198573802636
AACTGGTGTGGGCCTT-1,0.914719802014081,0.0006810624948897099,1.1699972195000906e-13,0.00013166473740661177,0.08446747075350555
AACTTCTGCGTCTATC-1,0.7740926579413967,0.00041726000937614637,4.911106769698277e-13,6.922794719470144e-06,0.22548315925401663
AACTTGCCCGTATGCA-1,0.013185900838682459,0.0006021799216361596,1.9926506139569712e-14,0.0039025551321995155,0.9823093641074618
AACTTGCGTTCTCGCG-1,0.9971673386066068,0.00021777718174231285,4.2293457020029094e-07,5.382237609018906e-07,0.0026139230533199363
AACTTTAGCTGCTGAG-1,0.9996683609782853,0.000277686801399691,1.4845877762286265e-09,1.6772198010751845e-06,5.227351592616253e-05
AACTTTCTCGATCATG-1,2.451889148194952e-07,1.4496734190281634e-09,0.9999997532154109,1.1071459157580104e-10,3.528644472403062e-11
AAGAAATCACCAGATT-1,4.493095440682883e-10,1.8202051695362253e-12,0.9999999995488695,3.0997020366917134e-20,6.437395674765188e-16
AAGAAGGATCAGTTAG-1,0.9924887454328143,3.324373534983865e-05,8.209684530987553e-10,9.264484360867781e-07,0.007477083562431391
AAGACCCAACTGAACA-1,0.0012347486211950114,0.00011931619828042823,2.448919654885874e-15,0.9247935947249326,0.07385234045558958
AAGACTAACCCGTTGT-1,0.9923784938512777,0.0003158579407727755,1.93550944048439e-08,5.961556612381205e-07,0.007305032697193761
AAGACTCACGCCCACT-1,0.04325083159206938,0.039183886017857654,5.203917541804882e-11,0.6338107642552043,0.28375451808282953
AAGACTGCAAGCTACT-1,0.12037220361798961,4.725109998157199e-05,1.464045608495219e-14,0.004682095011560415,0.8748984502704538
AAGAGATGAATCGGTA-1,0.004146979871190823,0.00286646670639756,2.022547532794372e-12,0.004700353340206159,0.9882862000801829
AAGAGCTCTTTATCGG-1,0.20556199911104772,0.0002729885507102204,4.5103998348095943e-13,0.0010501364819552083,0.7931148758558358
AAGAGGATGTACGCGA-1,6.129760725389625e-05,3.1662249439786087e-06,1.1397847907687884e-15,0.2743827696831686,0.7255527664846323
AAGAGGCATGGATCGC-1,0.07895963371257812,0.0027436127275200085,3.026009798411022e-09,0.04007150915796065,0.8782252413759315
AAGAGGCCCTTTGGAA-1,4.982227426099548e-09,4.988175228360525e-07,2.714495395955768e-18,0.9998750661822308,0.00012443001801890147
AAGATGGCACCGGACC-1,0.001186917422023283,0.00016348262271843663,2.3516027194540034e-14,0.9655131567541059,0.03313644320112886
AAGATTGGCGGAACGT-1,0.9171676057210013,0.00014801293878889598,1.1150566829232426e-11,0.0009411822746910265,0.08174319905436828
AAGCACCCTGCGTATC-1,3.67264534447381e-05,0.0009861507587898904,8.232511993818627e-14,0.9915840892315553,0.007393033556127863
AAGCATACTCTCCTGA-1,1.1788930384888356e-06,1.0548848069613223e-05,3.283757830672679e-17,0.998396783228496,0.0015914890303957876
AAGCCGAAGCGGTTTA-1,0.0004021303069470398,6.803094073949276e-05,1.2142863587621202e-14,0.7159572420094117,0.2835725967428896
AAGCCGCCGTGAAATC-1,0.0009648928173421172,1.986109710725179e-05,2.182747328454627e-15,0.9717225921230598,0.027292653962488592
AAGCCGCTTTACCTTG-1,4.725618151922644e-11,9.293928016237221e-14,0.9999999999526508,5.843200171987084e-17,1.7989996167701414e-16
AAGCGCAGGGCTTTGA-1,2.035410995275093e-05,0.0007498095021235591,1.1420760652029531e-14,0.9975868479712685,0.001642988416643777
AAGCGGAGTGCGCGCA-1,1.990401085290388e-09,5.994505966771584e-11,0.9999999979496537,2.2206196230592698e-24,1.2598852324021375e-16
AAGCGGCGTCATGGGT-1,0.8536098848090412,0.10346492642316318,1.7043155944067546e-11,9.674947035225018e-06,0.042915513803717185
AAGCGTCCCTCATCGA-1,2.838839191058874e-05,3.334436445199811e-06,1.0255606868137053e-18,0.9509057838005207,0.04906249337112348
AAGCTAGATCGAGTAA-1,6.563573199851613e-06,4.0986914797566905e-06,1.6721552397723856e-15,0.955590613828906,0.04439872390641272
AAGCTCGTGCCAAGTC-1,0.46255168652002665,0.0008434415674097536,2.1732169814950886e-14,0.0054932830810527095,0.531111588831489
AAGCTCTTTCATGGTG-1,7.447517085903806e-06,2.2900236285777776e-05,1.396821070071381e-15,0.9878256644379286,0.012143987808698343
AAGGAGAACTTATAAG-1,0.990075942520695,0.0010073738497895243,4.1356306078944715e-09,1.1906049806382744e-06,0.008915488888904326
AAGGAGCGGTTGGTGC-1,5.4107325455527846e-05,6.786796159981734e-06,5.907227198194166e-14,0.12984827863045326,0.8700908272478721
AAGGATGAGGGACCTC-1,0.9428295542899956,0.013302295901496045,1.8115973590818302e-11,0.0012430665030109128,0.042625083287381356
AAGGCAGGCTGTCTCC-1,0.03232570002451076,0.5558945224223072,4.440978831734692e-11,0.01575040306873517,0.39602937444003716
AAGGCGCGTAAAGCTT-1,0.0026768046339088955,2.0196246887310574e-05,2.5954780498975876e-16,0.007716577473826315,0.9895864216453772
AAGGCTGTGCTCATCG-1,0.00046902675355424655,8.705760658075495e-07,1.0942112219340315e-14,0.005734338915709413,0.9937957637546596
AAGGGAACGACTGGCT-1,6.336287992774731e-06,1.8677757080966745e-07,2.2550849814185293e-19,0.9960707090938006,0.003922767840635811
AAGGGACAGATTCTGT-1,0.9981741170914662,0.0009247124346239532,9.12744703153711e-12,1.4471524182894103e-06,0.0008997233123639828
AAGGGACTATGCATTC-1,0.0006245369111428976,1.4979313481811525e-05,2.4732591359086157e-16,0.9778233739960991,0.021537109779276045
AAGGTATCCTAATATA-1,0.9913069639400464,0.0010500529446071027,5.574063738740524e-10,2.4968766799465133e-05,0.007618013791140558
AAGGTGATAAACCAGC-1,0.0022590976807860806,0.0015648553430821642,2.0062071599811277e-14,0.33743305803869034,0.6587429889374214
AAGTAGAAGACCGGGT-1,0.7087527461929384,2.2508718862345883e-05,1.5577475322091686e-16,0.00025144884754199024,0.29097329624065726
AAGTAGTGACGCGAGG-1,0.32563090357183755,0.000660030285833586,7.964224652631166e-14,0.00105630550765209,0.6726527606345971
AAGTCAATTGTCGTCA-1,0.006175148840629413,0.04127501275319817,3.198609300294952e-09,0.5304792638434965,0.42207057136406667
AAGTCTAGTAGCTGCC-1,6.1313075116235125e-19,7.937462795181262e-15,0.999999999999992,4.901873199269456e-25,2.4684761496671622e-23
AAGTGACGACCGAATT-1,1.4355366374813778e-05,1.9737437977054783e-06,1.2578802620937473e-16,0.48126042929150775,0.5187232415983196
AAGTGAGTCGGGTTTA-1,0.030764917617069485,0.002785393141416638,1.8761112044715512e-08,0.923477430028502,0.042972240451899776
AAGTGCAAAGGTAGAC-1,0.21263049259425984,0.18242578834496748,1.1788634264682483e-08,0.00021878881472250155,0.6047249184574158
AAGTGCCTTGACTGTA-1,0.003492420226899558,0.13005984848747695,2.7453198075414707e-09,0.008608840223467046,0.8578388883168365
AAGTGCGTTAGAATCT-1,3.2197816507849654e-07,1.8843677348725297e-08,8.100710608309923e-18,0.9981298142744138,0.001869844903743821
AAGTGTTTGGAGACGG-1,1.0534690356966287e-06,1.5682313021016744e-05,7.833759220918776e-14,0.9931937751457556,0.006789489072109323
AAGTTCACTCCAAGCT-1,3.1661038733441626e-06,0.0001308508031502944,2.6528607666809558e-14,0.9994210640804337,0.00044491901251616866
AAGTTCAGTCTGCGTA-1,0.13897313720717147,0.858604758177111,0.000407588885580586,1.462070440287699e-05,0.0019998950257340002
AAGTTCGGCCAACAGG-1,4.13505575808534e-05,3.920778958424623e-06,8.278045218294319e-17,0.8819679674658529,0.11798676119760773
AAGTTTACTAATGGCA-1,0.9906056324640115,0.001045408426885647,4.928464738103891e-09,2.285165317534484e-05,0.008326102527462935
AAGTTTATGGGCCCAA-1,1.5714255806238322e-05,0.9840348757897927,2.7256160166676825e-06,0.015931609173106424,1.5075165277989834e-05
AATAACAACGCTCGGC-1,0.0016801379073942157,1.1148439381698235e-05,1.5220316748485886e-17,0.07860588714318562,0.9197028265100385
AATAACACTAGAACAA-1,0.00029929543049696873,9.310191988592728e-07,6.912880863418766e-18,0.9384721700776225,0.06122760347268185
AATAAGTCCTCGAGAC-1,0.12601033484248217,0.8735435308021147,1.4856091219368875e-10,4.339710119153459e-06,0.0004417944967228706
AATAATCTTCGTATCG-1,0.001657677630460978,0.8585309912361204,6.01172149344729e-07,0.053511987033827826,0.08629874292744161
AATACAATGTTTCAGG-1,0.8883794480253777,0.0005305805515339229,1.3591569605305413e-11,0.00017997459638668852,0.1109099968131102
AATACCGGAGGGCTGT-1,3.196690394510573e-05,4.88701353632331e-06,8.307092237929675e-16,0.9960144506572303,0.003948695425287341
AATAGAACAGAGTGGC-1,1.428971446815982e-07,1.3035984231103664e-08,8.426424895919325e-19,0.9992106018146736,0.0007892422521975894
AATAGAATCTGTTTCA-1,7.911319628695328e-06,0.0002452627335564857,3.3121891736328457e-16,0.9911637028213974,0.008583123125417067
AATAGCTACCGCGTGC-1,0.00038517351367757703,0.9918048678988474,0.007809555334897523,4.081805404333294e-09,3.9917077215146007e-07
AATAGTCCGTCCCGAC-1,1.7647424006628093e-05,2.0943341360778853e-06,6.576162947103449e-18,0.9916111944855717,0.008369063756285568
AATAGTCGCGAGTCGG-1,0.743375653898098,0.04969012083842427,5.905673152306291e-06,0.0009282170290723688,0.206000102561253
AATATCAAGGTCGGAT-1,0.995978665979407,4.857455821743448e-05,1.4913122380877711e-12,2.543574463375646e-06,0.003970215886420858
AATATCGAATCAATGC-1,9.297283604680563e-06,6.0395584202771815e-06,1.2495761436058541e-17,0.8814178496000614,0.11856681355791363
AATATCGAGGGTTCTC-1,0.9382370040735214,0.05258882437754392,0.002306830910831904,0.0012722174832136574,0.005595123154889067
AATATTGGAGTATTGA-1,0.008716888484215871,0.0016538823277146909,6.880235742271754e-16,0.0009540486559551847,0.9886751805321137
AATCATGTAAAGACTC-1,6.689352566323541e-08,1.0215560154396282e-06,3.616437718661221e-15,0.9998132721336846,0.00018563941677056769
AATCCAAGGGCCTGAG-1,0.9278651098701844,5.215975133702705e-05,2.756257430287756e-15,8.948689529418158e-06,0.07207378168894667
AATCGCCTCAGCGCCA-1,0.2827121597292175,0.00010849837999132007,3.5187999539275673e-12,0.0053224115958895556,0.7118569302913829
AATCGCGCAGAGGACT-1,0.10236230503356869,0.8531935804844197,2.8539127760201804e-07,0.00012236209002742992,0.044321467000706466
AATCGGGACACTACGA-1,0.898600910138164,0.0002750533551490272,1.303873205464893e-13,0.00018275392972084994,0.10094128257683593
AATCGTGAGCCGAGCA-1,5.8725070546262385e-05,0.009062998911372185,7.650253842691526e-13,0.9743772168420538,0.01650105917526272
AATCTAGGTTTACTTG-1,3.864486961146232e-05,4.335417610824767e-06,2.3902337138956327e-14,0.9821503519979858,0.01780666771476797
AATCTATGCCGGAGCC-1,0.0010268676554203197,0.9067959612941568,0.08830633217242874,0.001499935994218626,0.002370902883775338
AATCTCTACTGTGGTT-1,0.011437590858293876,0.9143132638222508,1.1506107517855565e-05,0.015930340764065395,0.05830729844787233
AATCTGCGTTGGGACG-1,0.0005754343387275674,0.00016871286249458807,4.687215278078222e-11,0.7001843556684018,0.2990714970835039
AATCTGGCTTTCTAGT-1,1.1019270860405056e-05,5.877963503656691e-07,5.034501251765145e-16,0.995636014907431,0.004352378025357487
AATGACAGCAATGTCT-1,2.3738481252815597e-06,1.819712793016496e-07,1.6997687830124879e-15,0.9813919996104433,0.018605444570150346
AATGACGTAGGATGTC-1,0.025080163035241982,0.00011051343199630834,1.4275643003704195e-12,0.4093826549411219,0.5654266685902122
AATGACTGTCAGCCGG-1,0.5675885904459183,0.004033817475964849,6.180372732605914e-12,0.0006312939237216212,0.42774629814821474
AATGAGTTCGCATATG-1,0.5870926186605949,0.00016211361070039468,2.0575024498424628e-14,0.0003804601731949289,0.41236480755548927
AATGATGATACGCTAT-1,0.9959679305043799,0.0014262618310453058,2.7290587465064337e-11,5.621764674514645e-05,0.0025495899905392046
AATGATGCGACTCCTG-1,1.0692378510945625e-05,3.309850062072955e-05,0.9999562013243865,1.7517392024356387e-12,7.794730183164805e-09
AATGCAACCGGGTACC-1,0.06443326136647236,0.00046959297952032874,1.2954385143369831e-14,0.0007539392308305348,0.9343432064231638
AATGCACCAAGCAATG-1,0.9397381925334164,0.059088642107493046,5.519554426856836e-10,1.3503191988589753e-06,0.0011718144879363356
AATGGTCCACCGTTCA-1,0.08872920990842027,7.864705957839842e-06,2.7978345273292253e-15,0.0004069864886780079,0.910855938896941
AATGGTTCTCACAAGC-1,0.0007783867095940119,1.9081679758982278e-07,4.943414189625712e-15,0.0025950149656001355,0.9966264075080034
AATGTATGGCACTGTA-1,5.658294613403847e-07,4.190380382637291e-08,2.239783202558695e-15,0.9986184263703082,0.0013809658964243738
AATGTGCCCGAGGTGT-1,0.0001518140315121147,0.00012636955808516473,2.18034784989312e-12,0.9635672359511868,0.036154580457035554
AATGTGCTAATCTGAG-1,0.011785071403245022,0.0002501793685471106,6.509945394625591e-09,0.6831514528263957,0.30481328989186685
AATTAAAGGTCGGCGT-1,0.005374973583641931,0.0005438155343289344,1.3698021288072334e-13,0.45566491057630854,0.5384163003055836
AATTAACGGATTTCCA-1,1.7090821294543568e-05,4.3072813458550875e-05,2.8151330667977044e-16,0.997149142831857,0.0027906935333895703
AATTAGCGCTGCAGCG-1,0.00017606671112169674,0.0006059161818840943,2.837761756194687e-14,0.9745344923331172,0.024683524773848782
AATTCATAAGGGATCT-1,0.9989172382660781,0.00011866428477076564,3.7026099769325085e-16,9.054581546353907e-07,0.0009631919909960175
AATTCATTGTCATGCA-1,1.3759387402888306e-05,1.2100074223023144e-06,9.264268261369895e-16,0.9788838408398748,0.02110118976529927
AATTCCAAGCATGTAC-1,3.233712234386443e-08,2.0586633629912354e-06,1.0405474823934898e-13,0.9999425864567517,5.532254265888171e-05
AATTCGATTCGAGGAT-1,1.2093035370919239e-07,8.884182819198412e-07,1.9567528643105253e-15,0.9993566654472543,0.0006423252041079776
AATTCTAGAGTTAGGC-1,4.3467146964725535e-07,2.0490197957443587e-07,6.221432638053834e-17,0.9983466489611826,0.0016527114653681059
AATTGAACGCTCTGGT-1,0.0020394892049475535,0.001126236455805863,2.0755075266948171e-16,0.07811835646228325,0.9187159178769632
AATTGCAGCAATCGAC-1,7.716608013183213e-07,5.917482538096992e-06,1.891547023759178e-18,0.9724919266253303,0.027501384231330306
AATTTGGGACATAGTA-1,0.029142843102451847,0.000776093673765339,1.5058526829927656e-09,0.035277616387256745,0.9348034453306734
AATTTGGTTCCAAAGA-1,0.9898845609314386,0.00021736665098044162,8.640611733790236e-14,5.122779064525406e-05,0.009846844626849198
ACAAACCATGCGTCCT-1,8.236935230922751e-05,0.000131078481580551,4.7063576354807e-12,0.9851575819765405,0.014628970184863413
ACAAAGCATGACCTAG-1,2.181381292699147e-05,0.0005384073701923308,6.706852261735478e-16,0.9831253082500776,0.01631447056680223
ACAAATCGCACCGAAT-1,6.86454463350938e-08,1.650488087637158e-06,6.245894952300467e-17,0.9997187028624291,0.0002795780040368545
ACAAATGGTAGTGTTT-1,0.016928807640056904,0.0005647992075473626,6.384346388379685e-14,0.11270262409364512,0.8698037690586867
ACAACAGCATGAGCTA-1,0.5408808781243478,0.0003790571879975733,1.142529679100148e-12,0.0023246040611866314,0.4564154606253255
ACAACGGTCCCTGCGA-1,0.8722832138283024,0.0007388304845710941,1.5493628384169087e-07,0.0027048864034628604,0.12427291434737994
ACAAGCAGTGCCTAGC-1,0.011858510675978312,5.442172321708273e-05,1.282746777983965e-10,0.0994621581987902,0.8886249092737397
ACAAGGAAATCCGCCC-1,5.13774858294685e-07,2.106674509906006e-06,4.972746910917894e-19,0.99791964891998,0.00207773063065173
ACAAGGACAAGAGGTT-1,0.007785176172272457,0.00019523776892124104,1.5324766408604703e-12,0.04216725377934619,0.9498523322779278
ACAAGGATGCTTTAGG-1,1.9186114160364364e-06,3.4677632314721673e-06,2.8220132481065094e-18,0.9980146178468154,0.0019799957785369597
ACAAGGCCTACCAGCC-1,0.0011423982711459802,0.0001880145726696519,1.6749845027699286e-14,0.9375990141807542,0.06107057297541337
ACAAGGGCAGGCTCTG-1,0.0007146922836000758,8.061597405216473e-06,5.512239211113914e-15,0.3323143214217306,0.6669629246972586
ACAATAGTCGTACGTT-1,0.0018133815123601038,8.149388789364667e-05,4.1045818994183736e-14,0.10891717563154946,0.8891879489681558
ACAATCCATTTAAACC-1,0.012998218368431517,1.677616966122272e-05,3.434939235351117e-14,0.0016881177687678244,0.9852968876931051
ACAATCGATCTTTATA-1,0.6519756317482392,6.531403411741677e-05,9.377192176674866e-05,3.600937898211848e-05,0.3478292729168944
ACAATGAATACGGAGA-1,0.00012894134071270874,0.00010601025587700479,1.0302631417051147e-15,0.9918078566275125,0.007957191775896617
ACAATTGTGTCTCTTT-1,0.00014214705487782285,3.0728298757976096e-05,1.4241487342311094e-15,0.9009374524343704,0.09888967221199234
ACAATTTGAGCAGTGG-1,0.9787925653105953,0.0020730095771172223,6.282122089401475e-11,8.027682912138279e-08,0.019134344772637018
ACAATTTGGCCATATT-1,0.02782654779048936,0.9388978606297395,0.023538539877539774,6.952280562458416e-06,0.009730099421668848
ACACAAAGACGGGTGG-1,0.497514944271262,0.0011740887303219635,3.252906059106736e-13,0.00011889445947731313,0.5011920725386134
ACACAAATATTCCTAG-1,1.6259084417121656e-10,1.329470866588346e-07,0.9999998668874921,5.763253513001605e-13,2.254078946551803e-12
ACACACCAGGACCAGT-1,0.002384364982864963,0.0007958312550850914,2.5001271850389037e-11,0.4821857458569858,0.514634057880063
ACACACTTTCTACACG-1,0.9643459022516985,0.0044453493220863805,6.886185112142273e-06,0.004599417358205616,0.02660244488289762
ACACATGATCAAATCT-1,3.566988845330734e-07,1.4981427608289767e-06,4.634153063359266e-17,0.9990449971559853,0.0009531480023692291
ACACCACATAATTAGC-1,0.871663464217849,0.12735811627633137,1.0194804592446088e-06,7.971767716534576e-08,0.0009773203076833886
ACACCCAGCATGCAGC-1,0.36301244291244916,1.637228508731728e-05,4.811346878728006e-15,0.0018025894524456027,0.6351685953500131
ACACCCGAGAAATCCG-1,0.010559234116513815,1.8503639408768571e-06,3.2289472329117807e-14,0.00021112403108393196,0.9892277914884291
ACACCGGTCTGACCGC-1,0.00010353258921186866,1.8081635081518643e-05,8.398998802071046e-17,0.9417952251431966,0.05808316063251001
ACACCTTAAGTAGGGC-1,0.3739954693545185,0.00016965815510819164,2.016149284672767e-12,0.0031028627536554224,0.6227320097347018
ACACCTTACTACTTGC-1,0.02632134965741264,0.01483766965350872,6.151133697409106e-14,0.014636483636879609,0.9442044970521375
ACACGAGACTCCTTCT-1,0.8361340045484653,0.0002568442165119108,1.6963408314608519e-10,0.0020459593688749167,0.16156319169651379
ACACGGCACTATGCAT-1,0.010130448958695934,0.929284457547469,8.503890721212897e-06,0.0005061149505172559,0.06007047465259666
ACACGGGAACTTAGGG-1,0.803247106063761,8.450607252186391e-05,3.402432279913083e-11,0.00025151337251266766,0.19641687445718015
ACACGTAGGCCACAAG-1,7.753624983878772e-09,1.0513692544681575e-06,2.522148048457636e-17,0.999848399239086,0.00015054163803453424
ACACTCCAATGTCACT-1,0.9960179250762613,9.75929115756223e-05,6.076535094939697e-13,1.8289280367604936e-07,0.0038842991187516256
ACACTGATCAAGGTGT-1,1.421226520102508e-05,2.903916154098425e-06,7.805825844983024e-17,0.9967861291156869,0.003196754702957794
ACACTGGGACAGTCGT-1,1.1731522149665546e-07,4.2430726486808616e-07,6.6678986511399714e-15,0.9992624196125051,0.0007370387650018351
ACAGAACTGAGAACAA-1,5.330963602776642e-06,9.872256264559805e-07,1.033820709474886e-16,0.9928030813363858,0.0071906004743848674
ACAGATTAGGTTAGTG-1,0.99174080353422,0.00015509276767596822,3.4695309145488007e-13,3.1703469655825476e-07,0.00810378666306055
ACAGCATAGAGCCAGT-1,0.3874604842958139,0.0012410936694878688,2.9970371936257975e-11,0.02415134462718892,0.5871470773775389
ACAGCGACATTCTCAT-1,1.0886327120404929e-07,5.795300577920082e-07,1.9162630842740753e-17,0.9993248663234496,0.000674445283221237
ACAGCGCACCCGCAGC-1,0.9977227354350102,0.0005401173067117203,2.938599596299419e-11,4.328043145185878e-06,0.0017328191857466837
ACAGGCTTGCCCGACT-1,7.850619031644436e-07,1.9433900357012453e-06,4.9927111764414684e-18,0.993813389933347,0.0061838816147142634
ACAGGTGGAGGTGAGG-1,0.0004345600953424745,1.2265199962709814e-06,5.319993127751356e-15,0.9782919068273802,0.0212723065572757
ACAGTAATACAACTTG-1,0.0002477283681308631,0.0010081848499714722,5.457423751162527e-15,0.9317034228977735,0.06704066388411867
ACAGTATACCGTGGGA-1,0.004598014941560828,0.9953688072332989,3.1738278093802564e-05,8.021202615182665e-09,1.431525843726673e-06
ACATAAGTCGTGGTGA-1,1.0826739716483126e-05,0.0007370536498688956,3.025813980060083e-13,0.9026405236262213,0.09661159598389091
ACATAATAAGGCGGTG-1,0.9922164609806503,0.0007986340136110981,7.935095728242739e-09,2.968834347324838e-05,0.006955208727169495
ACATCAGCTGGGACGC-1,0.00027571350112206775,4.483343013583671e-06,6.860429380475725e-15,0.19928206271258914,0.8004377404432683
ACATCCCGGCCATACG-1,0.0007233365259085255,0.00024172104008912532,1.040140766816722e-12,0.9840664132393598,0.014968529193602503
ACATCCTGGTAACTGT-1,0.06595009172500305,0.41009946214885296,5.776375745073812e-10,0.05768805185198106,0.4662623936965253
ACATCGATCGTTTACC-1,0.0018502869019226605,1.2644571338942224e-05,1.7702152355426002e-14,0.4981562301957171,0.4999808383310036
ACATCGGTCAGCCGCG-1,1.6116947696304722e-05,1.495123044290562e-07,2.9009729882854064e-17,0.9872265986310282,0.012757134908971115
ACATCGTATGCAATGG-1,0.00713673515379454,4.849263431745323e-05,1.3003286049486087e-13,0.6844336866746734,0.3083810855370846
ACATCGTTAACCTAGT-1,0.9839034441966853,0.013123169431386842,0.002059541960062785,2.9322066593773066e-05,0.0008845223452714556
ACATCTCAACGCGTAA-1,0.9912505572282454,0.0013874746253414651,1.1147726068037803e-10,2.2764810866747134e-05,0.007339203224069256
ACATGGCGCCAAAGTA-1,0.005450672089982126,0.10731680229887709,8.844141119121304e-13,0.020053669620921456,0.8671788559893349
ACATTAGTTTATATCC-1,0.0001428442962143604,0.0002958456610222257,3.5414727038626166e-15,0.9575704660364176,0.04199084400634226
ACCAAACACCCAGCGA-1,0.3912781381585027,0.5745135761045052,9.934834442676514e-09,0.006062321931771586,0.028145953870386105
ACCAAACTAGAAATCC-1,0.9749228833650369,0.002692560851564165,9.879558241229992e-09,4.9000281534109636e-05,0.022335545622306698
ACCAACACCACACACT-1,0.00025759600313467006,0.9997370645010787,2.7514348622961354e-07,4.780086598128259e-09,5.05957221365344e-06
ACCAACCGCACTCCAC-1,9.806647578951986e-05,0.0012254024337685712,2.7856033589299574e-16,0.9865386150148243,0.012137916075617398
ACCAACGCTTATTTAT-1,0.0004031620859660888,6.97522641337486e-07,2.5308071365685895e-15,0.9769630822152425,0.022633058176147552
ACCAAGAACGCGTGTC-1,0.8936973067254999,0.00038546567923429217,4.9881315856764115e-12,0.0006516481596026181,0.10526557943067505
ACCAATATGCAAGTTA-1,2.148921188801447e-06,1.0608208196093553e-05,4.4207926681885165e-16,0.9987995536529065,0.0011876892177081892
ACCACAACTCAGAACA-1,0.007459635704093937,0.9921274744353175,6.83032485707245e-10,7.155277462215908e-06,0.00040573390009382947
ACCACAAGTTTCTATC-1,0.007787430084158679,0.0025235647136959637,7.468901895791872e-14,0.005772166223554227,0.9839168389785165
ACCACCAATGTAACAA-1,0.0033135258422753544,0.9776725946231685,3.4393717350461307e-12,0.004412548460986373,0.014601331070130669
ACCACCCTCTCTTCTA-1,9.56391187993665e-13,5.316900074546581e-08,0.9999999468275133,1.7233116687909057e-12,8.062646366405812e-13
ACCACGTGCAGCTATA-1,1.1414901474242366e-05,1.0988994251518447e-06,1.9482808432515214e-13,0.8193697712853945,0.1806177149135114
ACCAGCCCGGTCTTTG-1,0.1405617965288627,0.844774367334588,7.414496487609005e-09,0.0008988117026443023,0.013765017019408398
ACCAGGAGTGTGATCT-1,0.6484939214520012,0.00016719991967758448,1.0511206579702527e-09,0.007611710794308021,0.34372716678289245
ACCAGTGCGGGAGACG-1,7.418022226477777e-06,0.00016263959810645408,2.5541196923289824e-14,0.9785102537458786,0.02131968863376277
ACCATATCCGCAATAA-1,0.004917016554320533,0.00029565162821639353,1.0090296983742125e-14,0.14689154496219614,0.8478957868552569
ACCATCCGCCAACTAG-1,0.00023818256383471883,1.4916988054518529e-05,2.2643174568824186e-18,0.01406626135053998,0.9856806390975708
ACCATCGTATATGGTA-1,0.00026798647116493975,5.227725799761865e-07,2.2471538339491357e-13,0.9517159626311837,0.04801552812484665
ACCCAACGCCCGTGGC-1,0.9430625716825453,0.026741309306847216,1.4387400449813986e-11,0.00047969257394717385,0.029716426422273113
ACCCACCTACATGCTC-1,0.06995254975542833,1.6005308132838577e-05,1.8715949886476143e-18,0.007837479595417815,0.922193965341021
ACCCATCTTGAGGGTA-1,0.0002870333231616383,3.099069071247228e-07,3.0988112017730313e-15,0.039433093001614475,0.9602795637683138
ACCCATTTGTCCCTCT-1,1.9291882290305603e-05,1.477612811599691e-05,9.133373489189782e-17,0.9980661133091318,0.0018998186804619912
ACCCGAGCGAAATTAC-1,2.2765603148186884e-06,3.1221206208953697e-07,2.6460817706077736e-19,0.9886381001430987,0.011359311084524428
ACCCGGAAACTCCCAG-1,2.799525778235534e-05,0.000710852769915634,6.77180604277222e-11,0.996718289879845,0.0025428620247389903
ACCCGGAGCACCACAA-1,1.1173717264742588e-05,0.00014435439419492805,7.137858297560514e-12,0.9811859795837086,0.018658492297693927
ACCCGGTTACACTTCC-1,3.271433626029486e-05,1.3297598856653266e-06,3.23479457900964e-14,0.9927716372144271,0.00719431868939463
ACCCGTGTCATCAGTA-1,0.19524510723482677,0.0018880936592761259,9.376930507738477e-14,0.46074250639573455,0.34212429271006883
ACCCTATAGGACTGAG-1,0.9999413235773597,7.18913348152317e-06,3.3245002716121578e-12,1.9647639597279525e-08,5.1467638194794646e-05
ACCCTATGCCATATCG-1,0.12341264406257296,0.0002861642197506525,5.254115959221897e-14,0.6457044738422055,0.2305967178754182
ACCCTCCCTTGCTATT-1,4.17565198284016e-05,0.00014833755050523825,3.9839421869819725e-14,0.9735620937152344,0.02624781221439207
ACCCTGGTAACGCCCT-1,0.011733543167691603,0.00878256899758023,0.9794781091890795,3.0102663931630505e-08,5.7485429848542515e-06
ACCCTTCATCTGCGAA-1,0.993833535955911,0.00017271843017759473,1.4064210649243182e-11,4.0798421474886677e-07,0.005993337615632336
ACCCTTGCCTGGGTCG-1,4.55446091508625e-15,7.323605209305779e-13,0.999999999999263,1.444967010926814e-21,2.903013416876442e-19
