,0,1,2,3,4,5,6
AAACAAGTATCTCCCA-1,0.0004082571119758769,5.013174250739633e-08,9.132818763933673e-19,0.7471046378010986,1.09044940451198e-06,0.25230093343692345,0.00018503106885506954
AAACACCAATAACTGC-1,1.1683781207991e-08,0.14278536186549373,5.4636516419934e-24,0.8571496540643218,6.3804554866090876e-12,6.497194755929347e-05,4.3246364395869916e-10
AAACAGAGCGACTCCT-1,0.8768038170429859,2.0829513299966145e-10,1.5996727874746816e-09,9.473522026644297e-07,0.11513974752143562,0.00775918176577472,0.0002963045096331181
AAACAGGGTCTATATT-1,4.3324504820124e-05,0.0023943766623289744,3.891086170379357e-18,0.9895738918150062,4.3410461966631664e-07,0.007959858300718048,2.8114612506895063e-05
AAACATTTCCCGGATT-1,1.9835003474311204e-05,0.0005581421690093152,9.644232251361505e-17,0.9971752713184172,2.6832174567451365e-05,0.0022192414565856263,6.77877945989219e-07
AAACCCGAACGAAATC-1,0.03851980693159106,1.233621984749037e-06,2.816087767193229e-11,0.006679415651780211,0.1798423189477947,0.7744619302634548,0.0004952945552337183
AAACCGGAAATGTTAA-1,0.0058103535220609195,1.1679105086282135e-06,6.0220391165718906e-18,0.4926904580675926,5.025018961906486e-05,0.4844857687862948,0.01696200152392401
AAACCGGGTAGGTACC-1,0.00022754638885338902,0.00018496517017240955,3.308958652824252e-24,0.7659251292671694,2.610425023625147e-09,0.2336622336365376,1.2292684230248548e-07
AAACCGTTCGTCCAGG-1,1.3792851959621072e-05,6.225988459945724e-05,3.543190832755885e-21,0.9974717079037659,4.32327057960952e-09,0.0024522299046354766,5.131768891112437e-09
AAACCTAAGCAGCCGG-1,3.312994555433504e-08,0.8743072502877568,1.9111990103122253e-20,0.1256865070910103,1.603394862425416e-10,6.209318026661349e-06,1.2921137537036566e-11
AAACCTCATGAAGTTG-1,0.005974613113326252,5.910323615645876e-05,3.22672981030935e-16,0.06312209683346713,0.00012782839047879898,0.9306383545101252,7.800391644577646e-05
AAACGAAGAACATACC-1,0.2800528407666531,2.327402896707055e-10,2.1769684773356535e-17,0.00010991119232639077,0.0011860595928827047,0.046368329564019074,0.6722828586513784
AAACGAGACGGTTGAT-1,0.3920296125254262,1.909915015931932e-06,2.3716467149905942e-18,0.08114770489581645,5.6626952807134694e-05,0.526604689568577,0.00015945614235733457
AAACGCCCGAGATCGG-1,0.004386257566605049,0.0026243839252747606,1.969513333233371e-18,0.8898002716080825,2.104976783371556e-06,0.10318069425459712,6.287668657302679e-06
AAACGGGCGTACGGGT-1,0.00029453184110619923,6.316601506230539e-05,6.873162806469428e-24,0.9844062798446331,1.6880139958131206e-08,0.015235162231042912,8.431880153308612e-07
AAACGGTTGCGAACTG-1,7.356912545389972e-13,0.9999714648457575,2.2993664933880745e-11,2.838283907695006e-05,1.5160838750637482e-07,6.83048787107394e-10,1.987810033327383e-16
AAACGTGTTCGCCCTA-1,5.3812149911007144e-05,1.2104821243165796e-10,4.2686468345423005e-09,7.237806818603364e-09,0.9999448859269868,8.22176861344824e-07,4.681187388370013e-07
AAACTCGGTTCGCAAT-1,7.119619162069107e-07,0.9972623439011282,7.288140633269628e-13,0.0026490440701835262,5.9948008726672396e-06,8.187177548889135e-05,3.3489681708270446e-08
AAACTCGTGATATAAG-1,1.2154654258039714e-07,7.060619636077621e-10,0.7733736491883698,9.605423271481771e-12,0.2266261937379275,2.694569281147249e-09,3.2116923606842006e-08
AAACTGCTGGCTCCAA-1,1.359653361472984e-05,6.640993494850701e-06,1.3157894955992212e-23,0.9927751772905421,8.559572141780004e-09,0.00720451648090992,6.014186605046115e-08
AAACTTAATTGCACGC-1,4.1542443347793146e-05,0.01498844365416655,3.2013982738975344e-22,0.9443732760409762,1.6010921286598815e-09,0.04059670953104641,2.6729370874040804e-08
AAACTTGCAAACGTAT-1,9.615080756894757e-05,5.394641547514377e-06,3.117462935279215e-20,0.7747665748819077,1.255726506792965e-07,0.22510299863448724,2.8755461837983928e-05
AAAGACATGAAGTTTA-1,0.05884964379489227,1.9109185444037584e-05,2.0336772699222812e-20,0.7922057878161336,7.166977175066277e-06,0.09609381414068993,0.052824478085665226
AAAGACCCAAGTCGCG-1,0.8678940076698669,3.149961493511206e-12,5.810233428723979e-19,2.7943598243830207e-05,0.00020576435989940072,0.13118093177687457,0.0006913525919651176
AAAGACTGGGCGCTTT-1,0.008530559853637541,4.2312324178874396e-09,3.1881019889050617e-20,0.003378001069705164,5.25291749423834e-06,0.9880281277036875,5.805422424306382e-05
AAAGCTTGCCTACATA-1,1.6453096596063944e-16,3.3948148406570535e-11,0.999999999836819,1.6663635172083813e-15,1.2923038195343702e-10,1.526718496745056e-19,3.440292396893351e-16
AAAGGCCCTATAATAC-1,0.001183035456102933,0.013224343788155363,5.067079697023751e-18,0.9519299937225132,7.378263958591587e-07,0.03354567226784424,0.0001162169389884097
AAAGGCTACGGACCAT-1,2.503588776744936e-06,0.3045372051871046,2.1729590121200873e-20,0.6953125496512974,2.0099596491732394e-09,0.00014773892278249952,6.400790191784776e-10
AAAGGCTCTCGCGCCG-1,0.002962912352492301,0.0015711667010229798,3.801872071641315e-20,0.7817415528030576,1.5229698179119885e-07,0.2137239278283354,2.880181099280605e-07
AAAGGGATGTAGCAAG-1,0.11470273609536692,4.6353991294455765e-07,2.3945164884187098e-14,0.012237330447856134,0.0005687261786015889,0.49331926820619415,0.37917147553204433
AAAGGGCAGCTTGAAT-1,0.22842009165605567,1.2637555930294592e-07,1.959522819046234e-16,0.0001298757197941843,2.7811844760262364e-05,0.7676700981535365,0.003751996250293836
AAAGTAGCATTGCTCA-1,4.2690233627482396e-07,7.318332436902869e-05,1.149998138920976e-24,0.9996732019097292,8.266816236795366e-11,0.00025318595032763913,1.8305697599056859e-09
AAAGTCACTGATGTAA-1,0.16256239694488167,1.0897626342607812e-09,4.312734002410204e-18,0.00010561422813798994,1.4065608815428904e-05,0.010389859905857612,0.8269280622225447
AAAGTCGACCCTCAGT-1,0.0015166398982921496,4.242721467096213e-07,2.8614243219159176e-23,0.1310656666931051,4.030258161521698e-08,0.8674121209387607,5.107895113693921e-06
AAAGTGTGATTTATCT-1,0.0017146753886645913,9.327766592978959e-07,2.7193669577191468e-21,0.3762674523562162,1.6710015268161753e-07,0.6184907510357041,0.003526021342603203
AAAGTTGACTCCCGTA-1,0.03544208239327862,2.647292056011959e-06,1.4129295505370554e-12,0.013891245638956487,0.012798619916228111,0.9376262354234075,0.00023916933466047277
AAATAACCATACGGGA-1,0.07806891998772712,3.65196597179335e-06,4.712133280333295e-19,0.0027875738670336187,2.0397599395144536e-05,0.018729524439725302,0.9003899321401471
AAATAAGGTAGTGCCC-1,0.14062994204917456,3.1239771318599506e-11,6.191979754772147e-12,5.457137641481902e-07,0.6989766583714883,0.0031535862122471095,0.15723926761589405
AAATACCTATAAGCAT-1,9.16484763592216e-05,5.738667255008852e-07,1.0622259125959996e-21,0.9396239357037935,3.48470852988465e-08,0.06020079855515808,8.300855087853481e-05
AAATAGCTTAGACTTT-1,0.07739460167651045,6.370062206518734e-10,1.646752137234353e-14,1.8827697952303802e-05,0.0074393988861276555,0.029389033828337106,0.8857581372740498
AAATAGGGTGCTATTG-1,0.00010166236385945228,0.0033148210290657757,1.398466575519674e-18,0.9524733129905361,3.143159254686174e-06,0.04400746683492003,9.959362236402782e-05
AAATCCGATACACGCC-1,4.1410863588215544e-05,0.003479374047455752,6.257416604725417e-21,0.9960769417308584,1.1047175127584044e-08,0.00040165179006464727,6.10520857659303e-07
AAATCGTGTACCACAA-1,0.0016405581995580485,1.878725364948488e-05,7.938037203594823e-19,0.5963596634450283,1.443369256104581e-06,0.40193950295613484,4.004477637325301e-05
AAATCTAGCCCTGCTA-1,0.0037160180792727305,9.833385100259572e-06,8.456216727325437e-15,0.8670823477491649,0.006953261144692334,0.12211542082099867,0.0001231188207625022
AAATGATTCGATCAGC-1,2.5876383442399913e-07,2.2689375462484754e-12,0.006246100845164591,8.871006830116049e-12,0.9937536367792286,3.5119417992252655e-09,8.86903654708327e-11
AAATGCTCGTTACGTT-1,0.3405597948081803,1.9343555906388248e-05,4.957613657898906e-16,0.002704481836033599,0.0003408664121819379,0.6490350260190885,0.007340487368608885
AAATGGCATGTCTTGT-1,0.8628616690169377,5.094507014596878e-09,8.358586098343923e-20,0.0003580242602543156,2.0545587106281805e-06,0.1127037379546983,0.024074509114892013
AAATGGCCCGTGCCCT-1,8.366423003435587e-08,3.963434435849698e-05,1.28275740240657e-21,0.9996870000035678,4.90406102941809e-10,0.00027328123330184654,2.6413583316614894e-10
AAATGGTCAATGTGCC-1,0.002553562454833941,2.0360904010603044e-07,5.6514172578147165e-24,0.1160600902794891,8.183373637172042e-08,0.8813526783508852,3.338347201538678e-05
AAATGTGGGTGCTCCT-1,0.15589257545056898,0.0005739583287779103,1.103150168855363e-14,0.09384607056363349,3.534362850250933e-05,0.7495117564698699,0.0001402955586362064
AAATTAACGGGTAGCT-1,0.0036274237263425745,5.2297205204992285e-06,1.5433412220972872e-19,0.021612846334403756,3.677146625932647e-06,0.9747188092835269,3.201378858039869e-05
AAATTACACGACTCTG-1,0.1349701737737667,9.022718198821126e-10,3.2412217977085695e-14,0.00013827417220413195,0.0014452007148597625,0.8453580371934755,0.018088313243389803
AAATTACCTATCGATG-1,0.7343896496813412,1.6556516399543504e-11,1.8742078473409907e-12,1.1139195212524325e-05,0.08035394787889455,0.003070017755754085,0.18217524547036693
AAATTCCAGGTCCAAA-1,0.5275922610358129,3.3884903797476493e-07,3.470762255800457e-17,0.0048714644143932635,0.02786234187952475,0.3925074424002993,0.047166151420931626
AAATTGATAGTCCTTT-1,5.652346294003285e-05,0.002828348177741488,7.908674530091833e-23,0.9932968195223535,4.657836207224391e-09,0.003813460065440333,4.844113688458162e-06
AAATTGGTGAGAAGCA-1,2.094954953425873e-05,2.009109625123236e-09,5.442289525202449e-08,3.495094714690531e-07,0.999943134745617,2.572774757101292e-06,3.293698861539809e-05
AAATTTACCGAAATCC-1,0.40178511061695116,4.91258493109224e-09,5.3841142857712e-15,2.747855004439404e-05,0.0038936709467431263,0.005037003433171419,0.5892567315404996
AAATTTGCGGGTGTGG-1,5.211874267420848e-06,2.414070412686824e-06,6.357289828407343e-26,0.991347279057118,2.212857963206994e-10,0.008645087978540933,6.798375465108052e-09
AACAACTGGTAGTTGC-1,0.004954347137046215,2.368743445802683e-10,2.097835224737183e-23,0.0003246438470684817,1.740362029823136e-07,0.9947193880244355,1.446718372531478e-06
AACAATACATTGTCGA-1,0.00028185683296036635,3.7896321970710715e-06,4.0810170996924195e-24,0.9753154104698254,2.9421323592116505e-08,0.024278269355031242,0.00012064428866257726
AACAATTACTCTACGC-1,0.035167799418058344,7.947795804641198e-06,1.0350599241656528e-18,0.02251636452883875,3.35789531272696e-06,0.6339776129254389,0.3083269174365466
AACACACGCTCGCCGC-1,3.999149931943137e-06,7.823321104093133e-05,5.213345187696666e-23,0.9984053737820552,1.3559854075832173e-09,0.0015123722528649825,2.0248121456035954e-08
AACACGACTGTACTGA-1,0.6630732030466205,3.8695245380047415e-06,2.1510653119080418e-17,0.00581774830110617,6.132451192052898e-05,0.04860629429884328,0.2824375603169714
AACACGAGACGCGGCC-1,0.0002387676941216777,3.0086327717522155e-06,1.2766470476120327e-21,0.9468254729953901,2.4151122318293877e-08,0.05293208617274776,6.403538462938241e-07
AACACGCGGCCGCGAA-1,0.6947177911793739,6.2191077104378e-07,3.277724106274232e-15,0.00013674721571531776,0.0016002272907639477,0.2998305920073729,0.003714020395999603
AACAGCTGTGTGGCAA-1,6.242508642303771e-06,0.0014889133581717244,1.6658168302548294e-26,0.9838650429505936,8.069100242782743e-11,0.014639783857995688,1.724390557921921e-08
AACAGGAAATCGAATA-1,0.07676668468461485,1.5351116180252596e-10,2.0999841995857958e-18,4.43610437339832e-05,5.0563503205632765e-05,0.12413970372812426,0.7989986868868102
AACAGGATGGGCCGCG-1,0.005660921465016367,4.4039228286692656e-09,1.2808602605296902e-22,0.009704871241123151,3.0500722194620445e-07,0.9845673412407774,6.655664193832459e-05
AACAGGTAGTATGGAT-1,0.002384932414070496,5.211674805489538e-08,4.6882645422486344e-20,0.025324906732902174,6.430002007726954e-06,0.9707713697327286,0.0015123090015429419
AACATATCAACTGGTG-1,0.021542220629634755,3.7413763340496647e-10,7.553172645786062e-14,1.0227312890681327e-07,0.004106348254358283,1.2358529508129669e-05,0.9743389699391567
AACATCGATACGTCTA-1,0.0007728249142459489,1.0138862541306961e-12,1.1311515570527303e-07,1.0512966543573954e-10,0.9990301243586538,5.947377240454614e-07,0.00019634276807696212
AACATTGAAGTTGATC-1,0.005619637346480264,0.0003863376865535003,1.057037681405985e-20,0.7253560101242271,1.0986782071518838e-06,0.2586789019768803,0.009958014187651413
AACATTGTGACTCGAG-1,5.127765363007216e-06,0.720498452770563,5.5050778391512546e-15,0.2794099838364383,1.0883638423088447e-07,8.60877680543177e-05,2.3902319169886514e-07
AACCAAGACTTCTCTG-1,0.012685145132204265,0.002939415417496802,3.314990227104157e-24,0.37299830719288407,5.701312749447592e-08,0.611085963632657,0.00029111161163053846
AACCAGTATCACTCTT-1,0.6658335709160661,2.2493831071471342e-07,1.041569126143127e-15,0.0014831144747817432,0.0020448161481637452,0.11001843969199125,0.22061983383068548
AACCATAGGGTTGAAC-1,2.5269762986101334e-07,0.0016463916294408901,6.62169608450566e-26,0.9966545063294774,1.1531285662769856e-10,0.0016988363219829947,1.2906155897879749e-08
AACCATGGGATCGCTA-1,0.8491452981743156,6.594468071153992e-11,2.6476945362301033e-21,8.264093692639426e-05,1.658273369395778e-05,0.14556027403099775,0.005195204058121489
AACCCAGAGACGGAGA-1,0.32602448685607793,1.802104376299135e-07,4.404183898113267e-19,0.0033046392632247665,6.705635828586514e-05,0.6695751481334228,0.0010284891785509388
AACCCATCCCATGATC-1,9.481952718446871e-07,6.756951993604407e-07,4.903934699996222e-25,0.9968425957194359,2.9887618213577835e-11,0.003155778486656643,1.873548638023742e-09
AACCCGACAACCCGTG-1,5.84584306345598e-08,0.9762509558376526,5.388265513544403e-18,0.02374468729002384,3.008365159958652e-09,4.295364222202227e-06,4.1305277006476344e-11
AACCCGAGCAGAATCG-1,0.00019084679620569333,0.0008042869658492012,1.4405424318951424e-17,0.9564505032087125,6.563094445705072e-06,0.04249149879117912,5.630114360773674e-05
AACCCTACTGTCAATA-1,0.007834630330744318,4.694241297879463e-08,5.612348979589973e-10,0.00025204782454621595,0.8606978336313736,0.12106907170150813,0.010146369008179714
AACCCTGGTGGAACCA-1,0.7900125320795315,9.090832854938512e-05,2.8463062565477008e-11,0.019752096088737583,0.0010894573147748252,0.1876960893758365,0.0013589167841071823
AACCGAGCTTGGTCAT-1,0.28472292430157636,9.316446466211154e-05,2.833627011516562e-11,0.07224320624034825,0.17672072652370732,0.46607742790605655,0.00014255053531326165
AACCGCTAAGGGATGC-1,0.000289231544546478,2.4345262245517763e-06,3.309695709541786e-23,0.8236535079466317,2.6018759288858437e-08,0.1760542120774955,5.878863426056687e-07
AACCGTTGTGTTTGCT-1,0.8634596496763537,1.0392320849359549e-10,8.851559790727419e-21,6.484843340903327e-06,7.1693319758876395e-06,0.13640174162958688,0.0001249544148193852
AACCTCGCTTTAGCCC-1,3.176915278317293e-06,0.00032113655336160266,3.732992165917578e-23,0.9986020885917526,5.743712960312976e-10,0.0010735938220825716,3.5431539442521615e-09
AACCTGTCACGGAATT-1,0.027860363990292108,0.00010506318450704593,1.1300424808876027e-21,0.054403610785148264,4.946415857195137e-05,0.9156276478169005,0.001953850064580045
AACCTTTAAATACGGT-1,0.0005981587347629794,0.00010448464144098192,2.664009997736488e-23,0.9875955526554692,3.060455820249268e-08,0.011511453645516775,0.00019031971825169116
AACCTTTACGACGTCT-1,0.29894331303004296,7.46144462478192e-09,4.574995513389683e-19,0.0020904982913400954,0.000988387516364181,0.3222933210598075,0.3756844726410006
AACGAAAGTCGTCCCA-1,0.00010012971825913513,0.0014425959796642435,6.673259534542571e-22,0.7821364511030585,1.3874917097154542e-07,0.216320682574905,1.8749419965268443e-09
AACGATAATGCCGTAG-1,3.1982003830940447e-06,0.0017514089253862547,4.382105872749329e-22,0.9952515870053116,4.128957850673951e-09,0.0029936285587105036,1.7318125074972623e-07
AACGATAGAAGGGCCG-1,0.16419763400845097,1.1218837692156178e-09,4.721435928852242e-18,0.00026945986451142897,4.311075070200553e-05,0.8352211041948996,0.0002686900595520947
AACGATATGTCAACTG-1,0.9468854151459258,6.749104797848774e-10,1.213800017162979e-13,8.61247619654144e-06,0.0030639422816155846,0.02294660025910062,0.027095429162129526
AACGCATGATCTGGGT-1,0.8413768837619446,8.871102104724147e-10,6.72972500728145e-15,0.00018151884219564106,0.045232382370045184,0.11282381087564163,0.0003854032630560343
AACGCGACCTTGGGCG-1,9.370354942628797e-12,0.9999909541238571,2.0518292086369704e-15,9.044580785211421e-06,5.7953760834628544e-11,1.2280203573763781e-09,1.1139530090532107e-14
AACGCGGTCTCCAGCC-1,0.10967323948624638,1.2047894917133654e-09,4.422595687445312e-11,8.69752930508437e-06,0.8877915749481692,0.0020761959087719586,0.00045029087849203037
AACGCTGTTGCTGAAA-1,6.537599587251826e-06,7.024714695854553e-07,8.810639427000083e-22,0.9874866843431823,5.8824251926495797e-08,0.01250599832942834,1.843208082797748e-08
AACGGACGTACGTATA-1,4.328833330780986e-06,4.285425229754422e-06,5.404393894833151e-23,0.9983711733673634,4.947344130421143e-09,0.0016202034148950577,4.011836873102907e-09
AACGGCCATCTCCGGT-1,6.266328745255617e-06,3.4874219923521196e-06,2.880367063608556e-22,0.9840821580371742,3.5125793873502376e-09,0.01590808372215848,9.773501062281617e-10
AACGTACTGTGGGTAC-1,7.490549447212853e-06,0.00010467326015782826,7.881137185540136e-21,0.9985471445523457,2.6077616646318637e-09,0.0013406799328442554,9.097443382288082e-09
AACGTCAGACTAGTGG-1,0.5227949998389079,5.820160110543703e-09,1.0283189655391484e-12,0.0006135653258496786,0.04284798931528216,0.41712197664747125,0.016621463051300495
AACGTGATGAAGGACA-1,0.030816449942773792,2.2084815078664057e-07,7.634753076235453e-18,0.0038748057104103593,1.689895379005314e-05,0.9638858824512795,0.0014057420935953615
AACGTGCGAAAGTCTC-1,0.7240713266707925,1.574177566804507e-08,6.50352807419096e-20,0.009448733437825358,7.810360018707283e-05,0.2647551248873297,0.0016466956620897022
AACGTTATCAGCACCT-1,0.7011506031707123,0.00027336113864300253,1.5474470265155157e-10,0.0056115937423252965,0.0011400879415253314,0.23646130669867862,0.05536304715337084
AACTACCCGTTTGTCA-1,0.264972655007689,1.2794955726731853e-05,5.979892641624121e-12,0.012564910503433393,0.1136206633465301,0.5811227243369298,0.02770625184371111
AACTAGCGTATCGCAC-1,0.9853427131345689,6.722764973450563e-11,6.500136542446263e-18,5.852895897286252e-07,2.16493742875426e-05,0.01403629741017773,0.0005987547241484173
AACTAGGCTTGGGTGT-1,5.390439405137959e-05,0.0001791941841532846,4.857971721540814e-21,0.9989519739103989,2.2916089253396312e-08,0.0008138593855177245,1.0452097894630987e-06
AACTCAAGTTAATTGC-1,0.00016711742031784432,0.00010656250297442719,6.811129243981386e-20,0.9164041888722138,3.93917544418636e-07,0.08331690746890595,4.829818043657961e-06
AACTCCAGAGCGTGTT-1,6.420471502269314e-05,0.0003573514396350229,9.652786237246495e-23,0.9969964365093977,2.1690869511296035e-09,0.002581975599307007,2.9567550804786924e-08
AACTCCTAATCCCATG-1,0.6688968994942612,5.675730793319668e-08,4.311709330514041e-19,0.0036271438516805705,0.0008166350543593138,0.29040532455289314,0.036253940289498
AACTCGATGGCGCAGT-1,0.9672880432088604,1.2577545378383835e-10,1.907409388779102e-16,7.058726662037897e-07,6.03510862405047e-06,0.0010174618853841496,0.03168775379868951
AACTCTCAATAGAGCG-1,0.17158863579677391,0.00035226663669271657,1.0345356939771351e-09,0.0004150249168246261,0.767397391519767,0.053646733917140754,0.006599946178265258
AACTCTCAGTGTGCTC-1,0.0002524001664315315,6.938257289303091e-05,1.6154818618458286e-16,0.9790931613628442,6.873167917541518e-07,0.020581090625253137,3.2779557862112688e-06
AACTGAGTTATACTGA-1,0.06345518047904258,1.0249841465947841e-07,1.2633269440837197e-13,0.016622621772337844,0.0026852993465036703,0.849131992143351,0.06810480376022396
AACTGATATTAGGCCT-1,0.4299987315940001,1.313863650928677e-08,2.4543384766716923e-19,0.003785978415363954,0.00013878154895608573,0.543590797775131,0.022485697527912418
AACTGGGTCCCGACGT-1,0.0009662851276349159,7.121031021637393e-11,1.0272661086493894e-06,2.984568389838697e-08,0.9990120074072649,1.4509170097018354e-05,6.141112000405481e-06
AACTGGGTTCGAGCCG-1,0.15911310067290654,3.247039693636894e-05,5.497632841623682e-18,0.544900841215296,1.9442132256765362e-05,0.2863467302435114,0.009587415339092934
AACTGGTGTGGGCCTT-1,0.9027299046738326,8.31239083992051e-10,2.1202670241521433e-20,0.0001970131835934875,1.5817450511277936e-05,0.08329267865241657,0.013764585208406978
AACTTCTGCGTCTATC-1,0.768955644557367,4.2322747396711137e-10,8.94657375091264e-20,1.0983555851923862e-05,2.551405817889884e-05,0.21174033526333874,0.01926752214203586
AACTTGCCCGTATGCA-1,0.01984374851731158,1.010902204789595e-09,1.7353874548374482e-22,0.003490437794573869,4.5586484841323833e-07,0.9766549023018659,1.045451049786146e-05
AACTTGCGTTCTCGCG-1,0.9942787085976307,3.310598099339343e-08,3.629737157663418e-12,2.818333232399616e-06,0.0008019165386355153,0.0044437974905049025,0.00047272593038608356
AACTTTAGCTGCTGAG-1,0.9948332519104903,4.893022903501693e-08,2.9982145235631844e-15,1.1462639369007378e-06,8.576951663135019e-06,1.7646095680553477e-05,0.005139329847997035
AACTTTCTCGATCATG-1,9.987824704938086e-12,6.907830658454688e-08,0.9999997220747168,1.830061161593724e-14,2.0883695520936074e-07,9.029598326097925e-16,1.4582994132043817e-14
AAGAAATCACCAGATT-1,9.66077844962059e-16,6.993049643689534e-23,0.9999999989263684,6.241028352137353e-25,1.073624757755404e-09,4.6404782463774004e-21,6.000607129381646e-15
AAGAAGGATCAGTTAG-1,0.9685276808374702,1.954774233758867e-07,1.2685241700190359e-14,8.318272497536595e-06,5.836815229831498e-05,0.013388696931458761,0.0180167403288393
AAGACCCAACTGAACA-1,0.002068637240240662,0.13509012780806412,1.6090916128193764e-19,0.8169519037826809,2.311583676421579e-06,0.045878476224074774,8.543361263154932e-06
AAGACTAACCCGTTGT-1,0.9044229291047272,3.6321665222489223e-10,2.2803077954710794e-13,9.828967020666105e-07,0.00046374257804279094,0.00505384830710085,0.09005849674998204
AAGACTCACGCCCACT-1,0.35684842575701803,0.00713989656099184,5.87920996434074e-16,0.3969469621385466,8.760080250081221e-05,0.2363590957419327,0.0026180189990094964
AAGACTGCAAGCTACT-1,0.07020159279300366,4.750902745029919e-09,1.0106792753244348e-22,0.01204229133875372,4.201250929580253e-07,0.9177219492406368,3.374175161026134e-05
AAGAGATGAATCGGTA-1,0.0023152727886535437,1.4136052244570273e-07,1.2233086856041164e-19,0.003309536962126813,9.896378139364886e-07,0.98531760262371,0.009056456627173257
AAGAGCTCTTTATCGG-1,0.037140330765960704,1.434253110562231e-10,7.48284633131139e-21,0.002076494038995572,4.0922354724180416e-06,0.9587404226640096,0.002038660152136514
AAGAGGATGTACGCGA-1,0.00011590531950885905,1.0545926377676659e-08,3.5513613831620746e-23,0.2910750769835708,1.3646855088039178e-08,0.7088087935676436,1.9993649522724996e-07
AAGAGGCATGGATCGC-1,0.07918909410961703,1.8456350227732165e-05,2.3697869821574915e-14,0.053787210566999394,0.00018356422663871321,0.8643653386535296,0.002456336092963796
AAGAGGCCCTTTGGAA-1,1.3824492421808408e-07,0.00054945539223671,4.939816288244545e-23,0.9991151480454016,8.870994761988716e-10,0.0003352545111114402,2.919226592413938e-09
AAGATGGCACCGGACC-1,0.003380067306883684,8.76898639841792e-05,2.9073828247379e-20,0.9680132455843556,7.89027453673431e-07,0.02851648992773797,1.7182895848604894e-06
AAGATTGGCGGAACGT-1,0.9192564156096021,1.7533670254898111e-06,1.107652087851826e-16,0.002243842424080797,0.00020481738156948856,0.07717198001254248,0.0011211912051796275
AAGCACCCTGCGTATC-1,0.00032382203606880097,2.7209022129999046e-05,1.0132575404715244e-19,0.98441449682159,7.07411784750638e-07,0.015232686102792305,1.0786056339524586e-06
AAGCATACTCTCCTGA-1,6.500658370877047e-06,0.0017335506309278622,2.66725633631882e-23,0.9955305820956817,1.6477578383063587e-09,0.002727040074357731,2.324892904135849e-06
AAGCCGAAGCGGTTTA-1,0.0006119025114243288,2.327435346287748e-06,7.982940186334391e-21,0.6695206261167366,4.368518287954033e-07,0.3298516762482312,1.3030836432893436e-05
AAGCCGCCGTGAAATC-1,0.0024812968315651913,0.00024561642303229093,3.0599966903923744e-21,0.9773895215964069,1.9028354453176252e-07,0.019882620359366464,7.545060848722214e-07
AAGCCGCTTTACCTTG-1,5.183150928514311e-13,8.51133389772653e-15,0.9999999998720726,5.803715287748527e-19,1.2740057504471146e-10,4.463439704025303e-19,5.0098905843363105e-17
AAGCGCAGGGCTTTGA-1,1.9740404540531883e-07,0.9996845977273084,1.3438649364019113e-21,0.00031428369917502,2.001297943947249e-11,9.191370688859688e-07,2.012389257590792e-09
AAGCGGAGTGCGCGCA-1,1.5041136941539548e-12,5.2756773633504e-26,0.9999959268441677,1.1939053347682934e-26,4.073154327635505e-06,3.7800846152736884e-19,4.692330900797449e-16
AAGCGGCGTCATGGGT-1,0.9361250885373433,2.0627364950589186e-10,2.0861636091159387e-17,7.96550679010977e-06,0.004450138409790454,0.05418200159466533,0.005234805745136963
AAGCGTCCCTCATCGA-1,0.00011929659871143665,2.3057959188734787e-05,1.3353651607655263e-25,0.9504441687182047,2.2956335028135045e-09,0.04941343464515722,3.9783104116864116e-08
AAGCTAGATCGAGTAA-1,8.853662723640478e-06,5.9218382955747125e-05,6.465185066027157e-21,0.9512129533668432,3.6313109788211956e-08,0.048714675150208234,4.263124159201044e-06
AAGCTCGTGCCAAGTC-1,0.5269213074065201,2.5988368674596524e-07,4.317551320472025e-21,0.008106683604560266,2.604035776211212e-05,0.46486204476101106,8.366398645990118e-05
AAGCTCTTTCATGGTG-1,3.400283209588042e-05,2.6313355237080363e-05,9.20891783260787e-21,0.9790868441608876,1.1745648242390985e-07,0.02085177308009573,9.49115201510153e-07
AAGGAGAACTTATAAG-1,0.0007897157878430933,1.344626760191933e-13,1.5020647287432332e-17,8.024709682293354e-09,6.564589682181128e-07,3.499126013523463e-05,0.9991746284682094
AAGGAGCGGTTGGTGC-1,8.426105164746671e-05,5.268901457788666e-07,4.330641864569651e-20,0.1611296479438747,3.1087125887217907e-07,0.838785225069931,2.817314215761277e-08
AAGGATGAGGGACCTC-1,0.9616925231400862,3.911768657108217e-08,9.966662983341567e-17,0.0009049882564792375,0.0013034335733451523,0.03557060880837941,0.0005284071040232464
AAGGCAGGCTGTCTCC-1,0.20427425445686564,1.2162992723062098e-06,2.7288182713545016e-17,0.012017760151302648,0.0002237924130987971,0.783395770427298,8.720625216241839e-05
AAGGCGCGTAAAGCTT-1,0.003212048273954971,2.754620401025702e-07,8.345601553414156e-23,0.01314078273597933,2.978637955751847e-07,0.9836459694228317,6.262413982739841e-07
AAGGCTGTGCTCATCG-1,0.00031411108705893173,1.3575480450452498e-06,1.0028866410580538e-20,0.017996798308880808,1.9783640359624365e-07,0.9816865462662353,9.889533763404658e-07
AAGGGAACGACTGGCT-1,1.2952721768667227e-05,0.019464125492032643,1.4301524975291571e-24,0.9784866372780625,1.6388037033287093e-09,0.0020362782493388663,4.619993894079587e-09
AAGGGACAGATTCTGT-1,0.19336394389328693,4.7995903091987734e-11,1.364738704630287e-17,1.696134725726483e-06,0.00022674839607090711,0.0006210194068999851,0.8057865921210204
AAGGGACTATGCATTC-1,0.0006163218407239174,3.97889290028653e-05,3.4907160337483934e-23,0.9842003555972624,2.740258194321356e-08,0.015121830199076751,2.1676031351953654e-05
AAGGTATCCTAATATA-1,0.009579739806005638,1.1314053318365996e-11,1.172564918561152e-17,2.3879816552066797e-06,7.844860612594765e-06,0.0005199062679633326,0.9898901210724492
AAGGTGATAAACCAGC-1,0.0033747908028424318,2.1842616665587023e-09,4.968307873830619e-23,0.24066038625453035,2.158061173370506e-07,0.7559220894248739,4.2515527374262745e-05
AAGTAGAAGACCGGGT-1,0.28390939187971603,5.8480824098931175e-08,3.583595608196689e-23,0.0021554803427087485,9.096480209692808e-06,0.713284138069505,0.0006418347470364048
AAGTAGTGACGCGAGG-1,0.30714353724396326,2.1128450905841416e-08,2.1281002230642149e-19,0.001836050633080224,4.132747847251862e-05,0.6909092049487402,6.985856729295971e-05
AAGTCAATTGTCGTCA-1,0.009167536390638198,2.1168523208869573e-06,2.627441166083083e-13,0.3751819932333057,0.008563219572389957,0.6067651799345487,0.00031995401653381214
AAGTCTAGTAGCTGCC-1,5.7471635156532235e-30,2.6344373649647443e-30,0.9999999999999449,2.6361640906874728e-36,5.5049524584091926e-14,2.6157905471576862e-34,7.533590426387541e-33
AAGTGACGACCGAATT-1,2.9677828012032e-05,6.858292610686252e-08,3.004030127336546e-24,0.49815835744726716,4.841840783841349e-09,0.5018118780576543,1.3242299726406652e-08
AAGTGAGTCGGGTTTA-1,0.002774721841918619,0.9709991072542161,1.6531471327437057e-12,0.0255468093609831,1.4682293611372236e-05,0.00066175739112829,2.921856489442662e-06
AAGTGCAAAGGTAGAC-1,0.17100826223734347,7.304927922751285e-05,3.8486670772602305e-13,0.00020060379508474966,0.0009952136150781484,0.5310519233104274,0.2966709477624539
AAGTGCCTTGACTGTA-1,0.00458711282458913,5.091520866516428e-08,1.7809109484411535e-14,0.004297612152158507,0.002332906603315015,0.9887768633370821,5.4541676286954286e-06
AAGTGCGTTAGAATCT-1,3.016717616021463e-07,4.451926577884627e-06,4.519228970074234e-25,0.9987122476767671,3.33708285535097e-11,0.001282986018138943,1.2673383293110118e-08
AAGTGTTTGGAGACGG-1,5.487520128157947e-06,0.6175298758648381,1.5235239053193333e-17,0.3789068349224284,8.909727826745616e-08,0.003557677250810365,3.534451680979207e-08
AAGTTCACTCCAAGCT-1,2.6267411129377464e-05,5.9774129459470366e-05,1.9420016277703983e-20,0.9989457365636273,6.610220228726459e-08,0.0009678551916698068,3.006019117730486e-07
AAGTTCAGTCTGCGTA-1,0.0015911329933609535,7.87613151492999e-12,1.4645294527898407e-07,1.5262112785403342e-07,0.9983378862560339,4.824131978933654e-05,2.2440348866551582e-05
AAGTTCGGCCAACAGG-1,0.00011881133793872073,2.38664278265069e-06,5.491422673330147e-24,0.8905901438814658,2.6596762678803768e-09,0.10928838931286855,2.6616526815038905e-07
AAGTTTACTAATGGCA-1,0.07072254869583974,5.266881929086474e-09,1.8482484753021873e-15,9.03006474007929e-06,2.8496552803729987e-05,0.001564106589028101,0.9276758128307047
AAGTTTATGGGCCCAA-1,2.7147635196623537e-08,0.9999990670802631,1.2542925140165636e-13,8.348032073751429e-07,6.699442466166434e-08,1.938112937145621e-09,2.0362312057874693e-09
AATAACAACGCTCGGC-1,0.0019041028956914385,1.4811149394176232e-07,3.456392190444265e-26,0.11298728055497431,3.5207674606548676e-09,0.885105101316245,3.3636008277397795e-06
AATAACACTAGAACAA-1,0.00021962643834047741,1.2794047924494674e-07,9.124570765490166e-26,0.9494590504880975,1.5224076907578744e-09,0.04987232611784331,0.0004488674928319533
AATAAGTCCTCGAGAC-1,0.12473763580800062,3.0076255176559385e-10,6.006534577617853e-18,1.7511065729325491e-06,0.00012069717486755646,0.0005502128562871888,0.8745897027535092
AATAATCTTCGTATCG-1,0.0014253320127558422,0.0002839973418359207,1.8574149459910574e-08,0.012746306952744816,0.9246289115134722,0.06041616169545686,0.0004992719095847817
AATACAATGTTTCAGG-1,0.44864810031258073,1.9044386404224266e-07,8.039255567080664e-17,0.0007545265802486186,0.0003035061375675973,0.21250880770055336,0.3377848688251855
AATACCGGAGGGCTGT-1,2.7807259884015277e-07,0.9968966171551487,1.73532101813528e-21,0.003097095923543272,5.982598593604702e-11,6.007042893020494e-06,1.7459902379343167e-09
AATAGAACAGAGTGGC-1,3.6154171752462217e-07,0.002428424352237439,4.550586046496998e-24,0.996986445997446,6.711335405385383e-11,0.0005847479551053525,2.008638062709949e-08
AATAGAATCTGTTTCA-1,4.329360960797632e-05,3.757481095658209e-05,2.922975987838243e-23,0.9787172535542246,3.185250072572714e-08,0.021129625871099223,7.22203016106969e-05
AATAGCTACCGCGTGC-1,2.014593232068143e-05,4.548274032223347e-11,8.137495234338735e-05,5.0153463139429705e-11,0.9998978387314121,1.943336522959076e-08,6.208549224389689e-07
AATAGTCCGTCCCGAC-1,8.885722370490655e-05,4.8313676112081696e-05,5.3309256309659036e-24,0.9912771997798515,4.124569032814847e-09,0.008585608930173004,1.6265589461401603e-08
AATAGTCGCGAGTCGG-1,0.8873852233072922,1.2012350727085221e-07,3.699437262981182e-13,0.0005612441567702216,0.0001154184019325494,0.11034207190150028,0.001595922108627288
AATATCAAGGTCGGAT-1,0.9557708400786286,2.8308849997944885e-07,1.2876606793614882e-18,1.2809053356425898e-05,3.2045122296324488e-06,0.005187893987332194,0.03902496927995327
AATATCGAATCAATGC-1,1.5938622673442375e-05,2.9775206198678843e-08,1.752805581456364e-25,0.8362425882580152,2.398585924349283e-09,0.163733891112347,7.549833172152802e-06
AATATCGAGGGTTCTC-1,5.6495865359203525e-05,5.190728801054808e-08,7.5083821668490335e-06,2.2546243861721955e-07,0.999932783555837,6.184920748177164e-07,2.3163348354051117e-06
AATATTGGAGTATTGA-1,0.006133725718816957,9.044525967334857e-11,5.989220377413808e-26,0.0006275974413925236,1.8229127092609968e-08,0.983426654640083,0.009812003880135211
AATCATGTAAAGACTC-1,2.343847040081721e-07,0.0007962123839406853,4.2719650143034775e-18,0.9988867425139291,7.028007949057623e-07,0.0003160917209564934,1.619567473893401e-08
AATCCAAGGGCCTGAG-1,0.8237577297710674,1.4775963285509552e-11,1.2174462658234304e-25,4.43932634937713e-05,9.871963391347943e-09,0.16905819952398563,0.007139667554713895
AATCGCCTCAGCGCCA-1,0.2657400166491284,5.68850578174484e-07,3.68962543631314e-18,0.012086239804316272,1.3262812383412786e-05,0.7218328500133229,0.00032706187027096913
AATCGCGCAGAGGACT-1,0.6135556940058857,3.4036336078960606e-09,3.2083522218040426e-11,0.00023282941284898687,0.13311187126957594,0.2456037582412949,0.007495843634677218
AATCGGGACACTACGA-1,0.7707832578109459,1.3262900230918227e-09,2.743020670675238e-21,0.0008504180215450188,5.302931960147009e-06,0.21628928999088395,0.012071729918374926
AATCGTGAGCCGAGCA-1,0.00017701016629609765,0.794239011655295,1.7274156661598956e-19,0.19946974625508312,1.1889780422305594e-07,0.00611144770153351,2.6653239879808527e-06
AATCTAGGTTTACTTG-1,4.8303014227530424e-05,5.980386389125417e-06,6.492823425377946e-21,0.9836804741070173,2.629359012473577e-08,0.016223415963630555,4.18002351453342e-05
AATCTATGCCGGAGCC-1,5.909246323772361e-05,0.0006076929481708068,0.08687944670107552,5.526215867291804e-06,0.9124263365622548,2.1870142886211715e-05,3.496650759208578e-08
AATCTCTACTGTGGTT-1,0.2687299193072963,0.006399577189692119,3.975832494134868e-08,0.04751663276626656,0.20393541299964016,0.41831726386959794,0.05510115410918193
AATCTGCGTTGGGACG-1,0.0026142062238516286,3.7529268947077706e-06,7.188065678638127e-17,0.6340243529723728,7.393755507817459e-06,0.36333741340138015,1.2880719992768336e-05
AATCTGGCTTTCTAGT-1,7.487297745868556e-06,3.201544704979373e-06,9.290443447284841e-23,0.9963211862736386,2.2443162970441516e-09,0.003667355552741539,7.670868526430156e-07
AATGACAGCAATGTCT-1,1.169369634788809e-05,0.00021465323826792365,1.5651583814470467e-20,0.9849040650782284,3.6553958719776e-09,0.014869576487715029,7.844045032239126e-09
AATGACGTAGGATGTC-1,0.018711172620668563,1.3161924015260905e-06,1.3568408110337366e-18,0.5194976970246902,9.222884424537127e-06,0.46173195871406114,4.863256375413017e-05
AATGACTGTCAGCCGG-1,0.6542559927795415,1.6818885031858832e-07,1.244915068974645e-16,0.0006505223138247964,0.0015293569477675204,0.34305938319818385,0.0005045765718319195
AATGAGTTCGCATATG-1,0.6969484541852972,3.6770950212733214e-06,4.4008483144993575e-19,0.0007735722962085056,1.429774694402673e-05,0.2997227305199008,0.002537268156628314
AATGATGATACGCTAT-1,0.44140213408693313,1.231984538183116e-08,2.644331362536229e-17,0.00022658791338071928,0.0004408885498691089,0.006351599871043744,0.5515787772589279
AATGATGCGACTCCTG-1,2.6257366274369666e-09,3.730897015737114e-17,0.9686846692009297,5.649580470164756e-16,0.03131532816814995,3.380059564447854e-12,1.803129565526225e-12
AATGCAACCGGGTACC-1,0.06900317378623366,2.5348929192684472e-08,2.3583637549053358e-20,0.000907247875180659,3.5675676994994406e-05,0.9297420156378482,0.0003118616748131789
AATGCACCAAGCAATG-1,0.49444783798624664,3.3527361285937204e-11,7.30763030414436e-14,2.015272633155119e-06,0.493027495844074,0.00213274414106046,0.010389906722385154
AATGGTCCACCGTTCA-1,0.09200258537995616,5.203702009246829e-08,1.527507825160694e-22,0.0012605090132578524,2.6176837796008287e-07,0.9067332667481701,3.3250532177976553e-06
AATGGTTCTCACAAGC-1,0.000571884197728986,1.6299252937771835e-09,1.6570981906415863e-22,0.009194143145575233,2.8205271152793028e-08,0.9902339287829899,1.4038509480396278e-08
AATGTATGGCACTGTA-1,7.954143534195782e-07,3.8880652699154294e-05,1.2775317601942746e-20,0.9989925821365476,1.5515336102863398e-09,0.0009676655711024513,7.467376351612368e-08
AATGTGCCCGAGGTGT-1,0.0003434566397906682,0.0002205820126371716,2.0476131524265396e-17,0.9611868844111924,3.833640775455916e-06,0.03824039733643631,4.84595916798684e-06
AATGTGCTAATCTGAG-1,0.017293043952926326,0.0048263010157517305,5.526404926904501e-13,0.728677200146489,2.8201078659716388e-05,0.2481153247086436,0.001059929096977153
AATTAAAGGTCGGCGT-1,0.0059697522140941504,3.807052063814536e-06,4.3315421405152146e-20,0.4562729624670606,6.245492947827181e-06,0.5376930519760184,5.4180797815162424e-05
AATTAACGGATTTCCA-1,6.309627201442621e-05,7.1569159384905685e-06,2.3500349257417766e-23,0.9954464649066485,5.0358803318953775e-09,0.004412724882451191,7.055198706729061e-05
AATTAGCGCTGCAGCG-1,0.0019622241195546364,8.185117799550126e-05,1.7627783236439194e-19,0.9434588693695553,4.137406826461841e-06,0.0544923520118873,5.659141810816743e-07
AATTCATAAGGGATCT-1,0.5897898763567162,3.484874731353736e-11,8.073460886761221e-24,3.0768455586379067e-06,4.950677959633749e-07,0.0019085598630372417,0.4082979918320432
AATTCATTGTCATGCA-1,2.874421026297511e-05,8.264344851301454e-08,1.8824283354131314e-23,0.9805779964262096,1.5184405056740706e-09,0.01939128195496388,1.8932466744592541e-06
AATTCCAAGCATGTAC-1,2.1417130143904843e-11,0.9999575360682894,9.361792683993166e-18,4.246164697698241e-05,4.180988521891561e-12,2.259099842517079e-09,3.565177160453946e-14
AATTCGATTCGAGGAT-1,4.3179596241691683e-08,0.9582294138218177,5.313303431061315e-20,0.04174078951139762,6.360428628491777e-11,2.9753415482548453e-05,8.101344595064555e-12
AATTCTAGAGTTAGGC-1,1.0343675299035921e-06,1.222433345476941e-05,6.522658091010559e-23,0.9981843576152141,9.205911179539923e-10,0.0018023287668091582,5.399640102178943e-08
AATTGAACGCTCTGGT-1,0.0020124016973459996,4.715090762925907e-08,2.4324939420199404e-25,0.05019472002273102,3.013349877214057e-08,0.947776478824706,1.6322170810554344e-05
AATTGCAGCAATCGAC-1,1.305874536759914e-05,0.00010210187576965199,1.5903134704063133e-25,0.9521989636365786,1.7997356540265853e-10,0.04768585484795968,2.071435087865904e-08
AATTTGGGACATAGTA-1,0.012123167700966933,2.7281931219830243e-05,3.4191124267939455e-16,0.05879100611420467,9.793208808060238e-06,0.9025112392550889,0.026537511789711112
AATTTGGTTCCAAAGA-1,0.7385966022663437,4.950851529940607e-09,1.6241437686338433e-20,0.00047669649265883775,8.59048111787091e-05,0.041503145672312766,0.21933764580665452
ACAAACCATGCGTCCT-1,3.3310858671783076e-05,0.8920107122064364,2.810204153814333e-16,0.10656545768234531,1.84263784875592e-06,0.0013816596622162963,7.016952481064786e-06
ACAAAGCATGACCTAG-1,0.0001615066379941208,4.173938536199167e-06,6.48563588260898e-23,0.960297153242408,7.883754374165014e-08,0.03953213624981482,4.951093702967305e-06
ACAAATCGCACCGAAT-1,7.820381809046944e-07,0.00016198644119540362,5.119987929141253e-23,0.999266040839261,5.102497620854031e-10,0.0005711820636097132,8.107503327117547e-09
ACAAATGGTAGTGTTT-1,0.007612010973310214,1.720114482205152e-09,3.818797821144968e-22,0.08813661955867995,1.0875074732016394e-06,0.90113182252443,0.003118457715992165
ACAACAGCATGAGCTA-1,0.5331039439278996,9.721260449743792e-08,1.6511392145382537e-19,0.004750991100878829,8.980439736688906e-06,0.4582533196218049,0.003882667697075508
ACAACGGTCCCTGCGA-1,0.8803680377042951,2.8122926213873884e-05,9.617239128252921e-13,0.0067508942336289126,0.00021477300544689117,0.11201273828011447,0.0006254338493390219
ACAAGCAGTGCCTAGC-1,0.014101045445813573,7.047998312687197e-05,1.0512751359352166e-15,0.1794439112921589,7.0836201201834965e-06,0.8061108485529492,0.0002666311058302556
ACAAGGAAATCCGCCC-1,1.15505434133852e-06,5.79825439784035e-06,3.768445833587457e-27,0.9969720616394456,1.0485770119065602e-10,0.0030209735008384173,1.1446119390151328e-08
ACAAGGACAAGAGGTT-1,0.004001918821981231,8.009191433513628e-09,1.2532989974486364e-19,0.05067590985170812,9.63211931118267e-07,0.9444929031169069,0.0008282969882813677
ACAAGGATGCTTTAGG-1,8.158291024134493e-06,0.07914380921828112,3.003864497302286e-24,0.9187285471560573,2.630361408245369e-10,0.0021187274557436363,7.57615857529628e-07
