,0,1,2,3,4,5,6
AAACAACGAATAGTTC-1,5.741453426175504e-30,9.844305394683195e-52,4.844200351763493e-13,0.014033967459900558,0.5861939292017391,1.8753060482704028e-08,0.39977208458481545
AAACAAGTATCTCCCA-1,5.038842461495369e-30,2.4988220068914923e-51,1.552901371523186e-14,0.000899042925499516,0.9964343126212758,1.8952279296114625e-13,0.002666644453019685
AAACACCAATAACTGC-1,0.0004200811621583731,0.9995799188378416,5.8254987506514055e-18,3.0703018990267656e-38,1.281806083637398e-42,1.973625137302395e-39,8.354239004680104e-44
AAACAGAGCGACTCCT-1,7.698090262236244e-28,6.252698350095061e-49,2.0358855487818764e-12,0.017652075515352923,0.6342199639471486,2.0184093845727292e-10,0.3481279603336215
AAACAGGGTCTATATT-1,3.649465424209469e-27,4.387718495846616e-50,8.755127166907086e-11,0.2806173136605973,0.638828786909957,3.006771871246108e-05,0.08052383162318208
AAACAGTGTTCCTGGG-1,0.9989460253396341,7.33038726625954e-08,0.001053901356493334,1.0266600792351796e-16,2.1198236324127884e-21,2.2028114854877633e-23,2.981990520120995e-23
AAACATTTCCCGGATT-1,1.991985986578855e-27,7.069602919890737e-47,6.329294511116592e-14,0.0007388099204478956,0.9974924398809013,3.672666334124636e-10,0.00176874983132072
AAACCCGAACGAAATC-1,5.469605945665966e-29,6.251882698825846e-50,5.491160874579105e-14,0.0009320583911243815,0.10638227681063256,8.889701682298847e-13,0.8926856647972992
AAACCGGGTAGGTACC-1,4.977242838300744e-29,8.079422255030121e-53,3.0212942519030984e-11,0.7655968034048372,0.20407141773384663,1.9296089529357947e-08,0.03033175953501379
AAACCGTTCGTCCAGG-1,0.0021465837734780547,0.997853416226521,7.984196138906795e-16,2.9628143730851755e-37,3.782394664305236e-42,3.2733542027476845e-37,2.5798756728928158e-45
AAACCTAAGCAGCCGG-1,2.3759247482548633e-33,2.591451350339852e-56,6.062675207723006e-16,0.001561715888744449,0.9982709744269627,1.2610681190263754e-11,0.00016730967168154438
AAACCTCATGAAGTTG-1,1.7396968114423846e-26,1.4328893836830012e-46,1.2828854573880943e-12,0.004143691662926001,0.9949971063990453,3.372144411520294e-09,0.0008591985646016115
AAACGAAGAACATACC-1,1.0152557969434388e-30,7.973952390374774e-55,9.344427820164746e-15,2.367277674076064e-06,3.5456953455134376e-06,2.450167268473277e-13,0.999994087026726
AAACGAGACGGTTGAT-1,1.706128495836422e-24,1.0168981779362411e-45,8.604115750365414e-10,0.06609468893274074,0.9334045519180397,9.879386485619867e-09,0.0005007484094215721
AAACGGGCGTACGGGT-1,3.1663621444033892e-28,2.1811287633893583e-49,2.317128025239219e-13,0.0016893641008535933,0.9978764816703809,1.097776133752367e-10,0.0004341541187558534
AAACGGTTGCGAACTG-1,1.62590698874353e-26,4.445292507708106e-46,4.742337692040563e-13,1.4592740053567205e-06,2.0462794779272323e-08,0.9999958798533647,2.640409360935164e-06
AAACTCGGTTCGCAAT-1,2.5157430662600195e-25,2.2611564120027393e-46,5.6399815226133e-10,0.31773085666674017,0.6786214465127385,8.774874478259764e-08,0.003647608507778449
AAACTGCTGGCTCCAA-1,1.420305178286284e-19,5.2136943846114375e-40,0.00015619218125125918,0.9985521762147672,0.0008872892202310826,0.00030014614550289575,0.00010419623824745082
AAACTTAATTGCACGC-1,0.20534568298981584,0.7946543169972075,1.2976699508276139e-11,8.215064047481234e-31,1.1941138999549584e-36,2.5720102476110526e-31,6.640048542809608e-37
AAACTTGCAAACGTAT-1,2.5699580666602614e-14,8.235884538761108e-31,0.00046109763645935494,0.9015000412125315,0.09677839646531511,1.7904406947632838e-09,0.0012604628952273171
AAAGACCCAAGTCGCG-1,2.0530052738256473e-18,5.50999587584118e-38,8.660701464146889e-07,0.004659038148121494,0.0036127624495260664,1.2165414411764913e-11,0.9917273333200405
AAAGACTGGGCGCTTT-1,5.341755235733021e-33,2.240747116901368e-55,2.710935540321961e-16,0.0009629742929435178,0.6837903473167286,9.926527128016348e-10,0.3152466773976748
AAAGGCCCTATAATAC-1,0.030212779024086443,0.9697872209759129,6.340542984199934e-16,3.29530860658708e-38,1.666230992904136e-42,5.3610881090295e-40,4.3960026305663687e-45
AAAGGCTACGGACCAT-1,0.055716216946943196,2.585310839498904e-14,0.9442837826776312,3.7513470427949585e-10,9.774163637811266e-14,6.1394777248677235e-15,1.6092670754786654e-13
AAAGGCTCTCGCGCCG-1,0.07985642726098591,1.099005155718133e-12,0.9201435727365633,1.351735861493697e-12,2.960028612333432e-18,1.0816824009701548e-20,2.8447343325965485e-20
AAAGGGATGTAGCAAG-1,5.805081912506904e-26,2.3955970429197467e-46,2.3592085225351135e-11,0.03213103341599365,0.9657093089299991,1.5052632250887058e-09,0.002159656125152103
AAAGGGCAGCTTGAAT-1,4.047033697603966e-29,3.385022241432137e-51,3.262437379581847e-13,0.01253694886198221,0.9209336055342036,1.003887239771918e-09,0.06652944459960083
AAAGTAGCATTGCTCA-1,0.0023757787929761433,2.1974716142846544e-14,0.9976241570198701,6.41619565286949e-08,1.1046230212603176e-12,2.4065221014069746e-11,5.4427387050884715e-15
AAAGTCACTGATGTAA-1,1.1247757336307974e-26,4.630136795022268e-47,1.1906391618113202e-12,7.79811898978327e-05,4.441651575007196e-05,7.6607191485628e-12,0.9998776022855007
AAAGTCGACCCTCAGT-1,3.0504714170520465e-21,1.6142654984095308e-39,1.3052698079385317e-08,0.0609664650660942,0.9303207428586348,1.1098640869072539e-07,0.00871266803616427
AAAGTGTGATTTATCT-1,1.9741175282575656e-27,2.123826667315067e-47,7.462947379981148e-13,0.0024986842489876275,0.9957606232705701,1.8113483575481314e-11,0.001740692461582492
AAAGTTGACTCCCGTA-1,6.435040391714408e-32,2.5510114436874303e-54,4.882059922713448e-15,0.004324392013902826,0.9820564258740908,1.480971893187063e-11,0.013619182097191696
AAATAACCATACGGGA-1,1.760232244981275e-32,7.946445076642587e-57,1.0248194864470742e-14,0.006066329843616255,0.9149100531620407,7.201685489209327e-10,0.07902361627416439
AAATACCTATAAGCAT-1,5.051690928852413e-19,4.845609525155705e-41,7.68062846119189e-05,0.9822807267689613,0.01751960486682544,5.4713895084284e-05,6.814818451705396e-05
AAATAGCTTAGACTTT-1,4.961397850850805e-35,7.480299027771391e-58,2.117528483642005e-17,0.00024988734468007454,0.9966609001432888,7.381018750769347e-13,0.0030892125112929516
AAATAGGGTGCTATTG-1,3.9416539837554555e-30,1.8727560268703985e-53,1.664069040852863e-12,0.20522520523478385,0.792161096663973,2.0071936457911053e-07,0.0026134973802143906
AAATCCGATACACGCC-1,1.0215796399305394e-29,4.108736273718108e-52,2.7460590154477967e-13,0.010846094616421423,0.9884840768705058,8.462825485573812e-12,0.0006698285043352978
AAATCGTGTACCACAA-1,0.9992277966487148,1.936216729474192e-06,0.000770267134555009,5.980408983755812e-16,2.1358229397116087e-19,3.9535357430300804e-21,1.101698943721725e-21
AAATCTAGCCCTGCTA-1,1.5295773349897376e-31,5.554192325777526e-54,6.0978922850833106e-15,0.00076015802454042,0.9901924417659071,4.642771650161638e-14,0.009047400209499873
AAATGATTCGATCAGC-1,3.8871895299295425e-21,2.9290270958581296e-39,6.023346875460291e-11,2.7102185858246074e-07,5.758913645528027e-06,3.258790514110978e-13,0.9999939700039365
AAATGCTCGTTACGTT-1,8.258976844569788e-26,5.23502518673882e-46,7.301632888766643e-13,6.864324770981562e-05,0.0003217296184903812,2.472068972018308e-12,0.9996096271305975
AAATGGCATGTCTTGT-1,2.8850061853090563e-29,1.865510779087805e-51,1.6614237377142168e-13,0.0036954126210562415,0.8840006407553693,8.594269933907899e-11,0.11230394653746535
AAATGGCCCGTGCCCT-1,1.361639088307526e-22,9.506274947935127e-44,1.6304779752379445e-07,0.9221501149772333,0.07336096522774226,1.2923161694095802e-05,0.004475833585532703
AAATGGTCAATGTGCC-1,8.414331107980007e-25,6.4179175644974745e-47,2.811905911147023e-09,0.28644166076191524,0.713274135127893,1.4757778410350913e-10,0.00028420115070816474
AAATGTATCTTATCCC-1,2.4943234989950873e-30,4.789094058876431e-53,2.3914420884727617e-13,0.0008683060709999946,0.0017341401149231486,3.73718958368112e-08,0.9973975164419419
AAATTAACGGGTAGCT-1,3.0077565056628152e-27,4.304210504725299e-50,2.1854476043311687e-10,0.660551543245446,0.3038314095870956,1.721847836643421e-09,0.035617045227065984
AAATTACACGACTCTG-1,4.212199223241146e-27,2.6874955090769004e-46,4.1690866005713524e-13,0.00033270465360782424,0.9651685186595046,3.4508746850901362e-12,0.03449877668301983
AAATTACCTATCGATG-1,1.2927675048702648e-32,1.4886613689219798e-54,6.005562457652834e-17,1.025017716591764e-05,0.9945855640417133,8.978479989553526e-14,0.0054041857810308465
AAATTCCAGGTCCAAA-1,1.550069875012033e-29,1.5327098949921582e-49,2.1492940934195636e-14,0.0009462932609527573,0.002571352737652497,1.0218736095146882e-09,0.9964823529794996
AAATTGATAGTCCTTT-1,0.9999437284539564,2.7038328274094185e-06,5.3567713216204293e-05,1.3255795399774139e-18,5.861036203768518e-22,1.6928647394035352e-22,4.804502406607427e-25
AAATTTACCGAAATCC-1,1.1119732908359176e-28,4.039647358986783e-49,2.103738539823478e-14,9.996693614206509e-06,7.29698658939576e-05,8.018970324989414e-13,0.9999170334396689
AAATTTGCGGGTGTGG-1,3.578077161766185e-20,1.3101468727469273e-43,1.2466189282951506e-05,0.995315882045937,0.003985504342240042,1.3885549124287974e-05,0.0006722618734157286
AACAACTGGTAGTTGC-1,3.8434496895584316e-27,1.2294693390074423e-49,6.387527477688341e-12,0.008345974813136823,0.9916126221622201,8.36914884987228e-09,4.139464910646916e-05
AACAATACATTGTCGA-1,0.438203211607539,0.5617967883478827,4.457840166776089e-11,4.552572598151979e-32,3.710125500696889e-38,1.5941531694370793e-34,2.9075949051018423e-40
AACAATTACTCTACGC-1,1.1514963878869452e-30,7.775491227885963e-52,2.7686224684135557e-15,0.0017667575880388777,0.7965213540210333,1.196285729490729e-09,0.20171188719463956
AACACACGCTCGCCGC-1,8.647894234895213e-26,3.111985754452567e-47,1.0412642919453919e-10,0.03291224207545868,0.9644987633454887,1.5635191522904125e-08,0.002588978839734728
AACACGACTGTACTGA-1,8.453143511417429e-27,1.1767627123643272e-47,9.04801803519156e-13,0.0008319527603356316,0.05074236731420774,4.399733201169623e-13,0.9484256799241118
AACACGAGACGCGGCC-1,4.896188115618474e-24,9.23496094940673e-45,3.6859753402593712e-09,0.18948910094814747,0.8097205206027664,5.883145023632004e-11,0.0007903747042792987
AACAGCTGTGTGGCAA-1,0.9971141156689924,0.0028858794567645234,4.87424285696736e-09,1.2827150522954873e-28,7.877891952736318e-34,1.1522863648630942e-31,6.327955289688441e-38
AACAGGAAATCGAATA-1,1.2420966886105693e-31,2.69202303484688e-53,2.3236965147335868e-15,0.0015491444688678704,0.9388019867336213,1.4106660035500551e-11,0.05964886878340189
AACAGGATGGGCCGCG-1,6.660773002586214e-32,3.922131634339558e-55,3.4395400484485134e-14,0.04475989503395937,0.952676019366974,2.0921855181460052e-09,0.0025640835068467044
AACAGGTAGTATGGAT-1,1.320485791233588e-30,1.002257956372909e-51,3.5996636751151553e-14,0.01138131332986393,0.17366051064178523,8.062913330425636e-10,0.8149581752220235
AACATATCAACTGGTG-1,6.377666697612876e-29,2.4165884782186915e-49,2.403930518157772e-14,0.00011601597561190178,0.9960369093373445,3.618475432804526e-14,0.003847074686983354
AACATCGATACGTCTA-1,7.501143902820238e-26,5.699180193630279e-45,7.881184261640141e-13,3.4559583904962195e-05,0.008978288465300133,1.9850560138481614e-08,0.9909871320994468
AACATTGAAGTTGATC-1,0.9999987886057302,2.746318753952141e-08,1.183931082308436e-06,2.200758205348747e-24,1.6038426244287116e-29,3.022605810998037e-29,8.375615038280151e-32
AACATTGTGACTCGAG-1,0.9995940767794245,0.00040582615747562084,9.706309975701758e-08,1.2858566314322121e-24,1.9075337683001325e-28,4.707220268835614e-31,8.711828075162346e-31
AACCAAGACTTCTCTG-1,6.4196319294454764e-27,4.111397845068373e-50,1.0587499630353732e-10,0.48425642423250326,0.515697355276922,3.690742464788453e-09,4.621669395707457e-05
AACCAGTATCACTCTT-1,1.4365800994630056e-32,6.185947563549367e-54,9.831015460878402e-16,0.00031196727575893973,0.0002098303404420793,2.0017838351874046e-11,0.9994782023637803
AACCATAGGGTTGAAC-1,0.14838277762945126,0.8516172223704588,8.99445369785059e-14,4.078868924159864e-35,4.60498896663032e-41,2.6150519620454487e-33,5.917202527449531e-44
AACCCAGAGACGGAGA-1,2.6782118900893776e-29,1.1871518616107323e-52,6.027155740243111e-13,0.03509543401337748,0.5066915610274367,1.2772024165447744e-08,0.45821299218655903
AACCCATCCCATGATC-1,0.9999707199044952,2.604477627853442e-05,3.2353192264799744e-06,2.451098217123999e-22,2.9268761362691846e-27,2.5386750007895595e-26,3.270884226140543e-30
AACCCGACAACCCGTG-1,0.999938779197553,6.116448593177813e-05,5.631651524517386e-08,1.5573729116518768e-25,3.7392760583748585e-30,2.213504903538912e-28,3.9986315170044494e-33
AACCCGAGCAGAATCG-1,6.960484714412296e-29,4.380087684536046e-50,2.8042720828331127e-13,0.004150564061986153,0.19499484375120704,3.4618602029228157e-12,0.8008545921830645
AACCCTACTGTCAATA-1,1.675812160742881e-27,3.864899192292841e-48,1.0165205919505502e-13,0.0001535411883835253,0.9997913488279333,7.057580426481615e-15,5.5109983574519144e-05
AACCCTGGTGGAACCA-1,5.835557903897794e-38,2.0844338708569011e-60,6.90854581951275e-21,2.3372198443000774e-07,0.0012901416644968283,6.534399864111374e-17,0.9987096246135188
AACCGAGCTTGGTCAT-1,3.5490660496133586e-19,2.6879888870563182e-37,1.4179371716090602e-07,0.03570863113540097,0.9641854320374114,1.5678828781706681e-09,0.00010579346558766542
AACCGCTAAGGGATGC-1,1.0916703832095647e-28,2.889763974039334e-50,8.479593470097857e-13,0.010143630660588746,0.9871256119534663,1.6328411270806655e-10,0.0027307572218130713
AACCGTTGTGTTTGCT-1,1.9475599322581324e-30,6.3395635974285056e-52,2.063787278930165e-15,6.369051235796874e-05,0.0007927838045769753,9.385648015934415e-08,0.9991434318265827
AACCTCGCTTTAGCCC-1,8.338652926473344e-30,1.8827982119290966e-51,7.176705372989392e-14,0.005598624031953545,0.994111314413571,2.429522357833666e-09,0.00029005912488135304
AACCTTTAAATACGGT-1,6.4686875405231795e-16,2.492256868372347e-34,7.97668307986927e-05,0.9461534587227414,0.053253740205158356,0.0004354453725675245,7.75888687334727e-05
AACCTTTACGACGTCT-1,2.078305112864461e-28,1.1408068651078301e-49,5.053426020864126e-13,0.0019622119144509426,0.8134854811173455,2.3024720193845922e-09,0.18455230466522604
AACGATAATGCCGTAG-1,1.9018853896411172e-27,1.4993571397490256e-49,9.37393610786436e-11,0.8649703252689407,0.13374173394617284,3.209497791912174e-07,0.0012876197413679035
AACGATAGAAGGGCCG-1,7.219248336214795e-32,4.711361342042001e-54,1.14591338988494e-15,0.00059454887376598,0.24271877210099896,1.376983200260745e-11,0.7566866790114641
AACGATATGTCAACTG-1,1.3785524424998066e-29,2.8059660817162343e-52,1.0919456467040011e-13,0.000668287660543283,0.9993219986861355,5.883346071898673e-13,9.713652623900176e-06
AACGCATGATCTGGGT-1,6.098799128309175e-31,1.9219456660509027e-52,2.858831025345945e-14,0.015209567920437348,0.3895481744916489,8.338518031304985e-10,0.5952422567540334
AACGCGACCTTGGGCG-1,0.9935908895802352,1.194143139119988e-07,0.0064089910052113576,2.3936146720547496e-13,1.752992289808208e-16,1.8279200822203496e-17,1.3260897724889666e-17
AACGCGGTCTCCAGCC-1,3.174388883068889e-31,4.573979250888716e-54,1.7167983559772216e-14,0.004707070758318112,0.9928544661334567,5.292032966135271e-10,0.0024384625790046196
AACGCTGTTGCTGAAA-1,3.0621546327173187e-23,3.2059692989941053e-44,8.624559529047805e-09,0.070752367661892,0.9216050748280388,2.5563952211453854e-10,0.007642548629870308
AACGGACGTACGTATA-1,8.203804152545681e-25,4.491571769296139e-46,3.358876094704353e-10,0.026261157053290567,0.9708106669489435,5.899479555410229e-11,0.00292817560288364
AACGGCCATCTCCGGT-1,7.492982449459802e-07,5.226172749493881e-22,0.9999990965805127,1.5411843231276155e-07,9.877547373342699e-13,1.7887027963277782e-12,3.3739713165853453e-14
AACGTACTGTGGGTAC-1,1.158240727224056e-06,3.7748965883299584e-20,0.9999325312450975,6.630558240525111e-05,4.566519070212901e-09,7.017396670368567e-11,2.95077056257405e-10
AACGTCAGACTAGTGG-1,8.076658551119778e-25,2.393326594542823e-45,1.643447689711762e-10,0.04833466549034534,0.826072045218468,2.2397061240175145e-09,0.1255932868871359
AACGTGATGAAGGACA-1,7.976933853023222e-34,8.434676084220152e-56,2.7280988942026124e-17,2.613959556544708e-05,0.009220558057872476,3.3795323686533417e-14,0.9907533023465284
AACGTGCGAAAGTCTC-1,4.408262181542975e-25,3.379406976056152e-47,2.4408293689082027e-09,0.8067474988358646,0.19297385101882475,3.1046148675875473e-07,0.0002783372429944293
AACGTTATCAGCACCT-1,3.2377660412316845e-27,8.625135848287475e-47,9.949314323687112e-12,0.009329008160096026,0.0006372362766815108,0.9555452876709815,0.03448846788229169
AACTACCCGTTTGTCA-1,3.1024759041800865e-26,4.86336819227852e-46,4.239582935234255e-12,0.008331395198301476,0.7730891300345911,9.013480056898304e-11,0.21857947467273303
AACTAGGCTTGGGTGT-1,1.015322378176416e-06,2.6452157827897107e-19,0.9999985475469977,3.9875389366032786e-07,4.991798713453684e-12,3.836700602499403e-08,4.732716826905212e-12
AACTCAAGTTAATTGC-1,4.895272302446121e-28,2.2832937141242456e-51,3.701841185753412e-11,0.7386177783147717,0.26081558549673184,7.3485953575662775e-09,0.0005666288028825223
AACTCCAGAGCGTGTT-1,3.456312926898722e-30,1.0301929715081368e-51,7.590045163815983e-15,0.00016618728273047996,0.9988797890906362,1.2336134724402173e-11,0.0009540236142896988
AACTCCTAATCCCATG-1,1.3079857439661052e-28,2.5938208249319806e-50,1.276778064441768e-12,0.011078257504890346,0.13721022134866379,4.733824892047915e-11,0.8517115210978309
AACTCGATAAACACGT-1,6.563470547560363e-28,1.2419237757662155e-50,1.0438494846206275e-11,0.033413130818008195,0.12444845116235306,2.61361961817767e-10,0.8421384177478383
AACTCTCAATAGAGCG-1,2.134788913230701e-28,1.0790435875459163e-49,6.725215734474586e-13,0.004787628495878834,0.9941740739523485,6.858061266816021e-10,0.001038296865294165
AACTCTCAGTGTGCTC-1,0.9999890528588298,4.677946559731143e-06,6.269194610371542e-06,4.202050338789472e-23,4.602202908096881e-29,1.6838106512856895e-22,6.952726251930923e-32
AACTGATATTAGGCCT-1,1.4802628449919132e-20,5.501656329168138e-38,4.031143464711828e-09,0.01865615129224381,0.9677272045222653,1.9880553729612757e-12,0.013616640152359192
AACTGGGTCCCGACGT-1,7.124445863760209e-30,1.822929667901924e-50,5.3761343911999806e-15,0.0004576180975297327,0.9993073192525235,1.7876021952871506e-11,0.00023506263206532287
AACTGGGTTCGAGCCG-1,3.075801984800686e-32,1.8947969320851993e-54,4.980931524174687e-16,2.1282175995081983e-05,0.0006191377395699588,4.651131213040451e-11,0.9993595800379232
AACTTCTGCGTCTATC-1,1.1143469411663823e-22,4.927006288373294e-41,6.499363746411806e-11,0.00039007673352891485,0.008967840801830705,7.676167144948029e-09,0.9906420747234796
AACTTGCCCGTATGCA-1,6.018813668243772e-36,3.6801817224794015e-60,1.923766229507466e-17,0.0012759577567541037,0.9926868223790847,1.3079820913717976e-12,0.006037219862853281
AAGAAAGTTTGATGGG-1,0.0009703058545711415,0.9990296941454233,5.5841287621622635e-15,2.1718686866862708e-33,7.418314483071493e-38,8.793320043660376e-31,1.466096352309679e-37
AAGACATACGTGGTTT-1,2.673002705584817e-21,1.3325264256463243e-40,2.3249895567347326e-08,0.036928955882987946,0.9262687075475958,1.7584751304397155e-11,0.03680231330193584
AAGACCCAACTGAACA-1,0.9855595879000447,3.9792255436766936e-08,0.014440372307455934,2.433168758610305e-13,4.93449420715948e-16,7.755762764669313e-23,6.278374902474622e-19
AAGACTGCAAGCTACT-1,1.2686656453537195e-21,9.797889414696185e-43,2.963154284089588e-07,0.8017369098996322,0.19782036074020523,1.908943409752209e-10,0.0004424328538398512
AAGAGATGAATCGGTA-1,3.733616695638141e-33,2.8421984780119864e-55,1.7152702645983268e-16,0.0016924397459799245,0.9955439650242481,5.363994945215635e-12,0.0027635952244079213
AAGAGCTCTTTATCGG-1,5.854840879732739e-26,3.539269222357414e-48,1.5003844030748473e-10,0.05640206345680646,0.9432919050182572,2.3771640658516863e-11,0.0003060313511260653
AAGAGGATGTACGCGA-1,4.8274321965444006e-26,2.0152137604028608e-47,3.4828533985317607e-11,0.3019779665059184,0.6963943961439013,9.009491438299763e-05,0.0015375424009689696
AAGAGGCATGGATCGC-1,8.056265041675423e-25,5.184602430540908e-45,1.3958458576642335e-09,0.31723205609003124,0.6732005864921812,9.857510549601693e-10,0.009567355036190673
AAGAGGCCCTTTGGAA-1,3.924249013582603e-30,9.30701153735191e-53,3.7975825975581534e-13,0.023330796513874357,0.623815572946868,3.2653799152107134e-09,0.352853627273498
AAGATGGCACCGGACC-1,0.033033241080896975,0.9669667589181993,9.036654747860601e-13,1.0521745461605669e-32,9.342458700713919e-39,1.196693142802607e-35,7.646166278505134e-42
AAGATTGGCGGAACGT-1,1.845875929783224e-25,2.1705615765616312e-47,1.0482617668276119e-10,0.0288238916174725,0.7702555747095118,4.114758011825771e-09,0.20092052945343128
AAGCACCCTGCGTATC-1,3.5043664937981923e-26,4.737476231188071e-49,3.724399824415471e-10,0.3889834293329287,0.24720809961264684,1.3496842103244535e-07,0.36380833571356347
AAGCATACTCTCCTGA-1,2.912558330773354e-23,2.768116261243003e-44,9.620780809122227e-09,0.7547108356755531,0.010388972760402444,0.23108639242720663,0.0038137895160572223
AAGCCGAAGCGGTTTA-1,7.350541436178896e-30,2.557758681046778e-52,9.841286258413511e-14,0.003190113571071391,0.7282117269052572,2.583061099552243e-11,0.2685981594977426
AAGCCGCCGTGAAATC-1,0.9997376884937064,0.0002623024980653877,9.008228267406497e-09,9.053182725052826e-28,3.0649148656005915e-34,5.390043157324591e-30,1.9552196876136886e-36
AAGCGCAGGGCTTTGA-1,9.947499382375807e-17,4.7426053562924296e-35,1.6666175424773482e-05,0.23845746640867987,0.7614413567454338,1.4299111528848503e-09,8.4509240550354e-05
AAGCGGCGTCATGGGT-1,4.6983695993153265e-32,3.770515291089917e-52,1.8031260071159477e-17,4.7067888416055934e-07,1.970623692717251e-05,8.817641884468894e-14,0.9999798230841004
AAGCGTCCCTCATCGA-1,3.2842495630741956e-06,0.9999967157504369,9.910982957288621e-22,1.0274265657189852e-45,7.836360009307126e-52,6.660607604872986e-45,2.2428306005480257e-53
AAGCTAGATCGAGTAA-1,8.937717817438682e-17,1.1216767348429142e-35,0.00016918596676307725,0.9544440555787305,0.04518710885257348,1.3263724821458123e-06,0.00019832322945085781
AAGCTCGTGCCAAGTC-1,1.2738114459356314e-16,2.1205457771103037e-36,0.00043509529567295973,0.9925412358028859,0.0070155857142184365,7.037899906072769e-09,8.076149322581818e-06
AAGCTCTTTCATGGTG-1,2.943704922215163e-16,1.4669695985626183e-33,0.0001466004813518348,0.6229817926785902,0.3768398219111752,7.721048652931501e-08,3.170771839592805e-05
AAGGAGCGGTTGGTGC-1,3.629353740725209e-33,1.726881688577403e-54,4.2131150652790955e-16,0.006604785295126914,0.9144761551561991,1.6862463605076115e-09,0.07891905786242699
AAGGATCGATCGCTTG-1,1.460487132468142e-34,1.9415834414189978e-56,3.523521149449824e-18,4.965886480857661e-05,0.27386596309246686,3.0251316822534404e-13,0.726084378042422
AAGGATGAGGGACCTC-1,2.801730876831648e-31,2.550400044837308e-53,3.945502511049459e-15,0.0009744380356496397,0.9959876635540658,2.7673036588420475e-11,0.003037898382607542
AAGGCAGGCTGTCTCC-1,5.914047447187513e-34,2.015639798662106e-57,6.305299797656166e-16,0.0010360219235130527,0.02406338229374896,1.6237145040547314e-11,0.9749005957665001
AAGGCGCGTAAAGCTT-1,1.62155078970203e-33,1.4831140328058622e-55,1.4520631024224505e-16,0.0014180644988033074,0.6572981565274675,7.700902542070695e-13,0.34128377897295914
AAGGCTGTGCTCATCG-1,6.112386457244658e-22,3.0504774045839575e-41,4.524814141267078e-09,0.21696129787789029,0.782548694968405,2.566275769582216e-05,0.00046433987119479174
AAGGGAACGACTGGCT-1,0.8336174614995958,0.16638253848813303,1.2271212818270083e-11,3.0914483018882268e-31,4.126120051500111e-36,4.383925820767751e-31,3.4004214406118064e-38
AAGGGACAGATTCTGT-1,4.3957211175546425e-30,5.186903101219733e-51,7.818880470845824e-15,0.0007686716321305803,0.9851467585456091,2.8247131521451318e-11,0.014084569794005488
AAGGGACTATGCATTC-1,0.99858977290706,4.633808297680676e-09,0.0014102224591317739,4.741345013475688e-17,1.0413267376489292e-22,1.590381749740373e-19,3.7257543956423116e-25
AAGGTATCCTAATATA-1,7.195448049571303e-30,2.0356231264688008e-51,1.0736022089155402e-13,0.00395135343243211,0.9853958271817382,2.0822030071007834e-11,0.010652819364900349
AAGGTGATAAACCAGC-1,1.4676689608601196e-19,4.306927643623509e-37,5.024913714277297e-08,0.07774813182781194,0.9173444983000797,1.5517475566034848e-08,0.004907304105495647
AAGTAGAAGACCGGGT-1,1.0053635244904257e-31,5.828959312646301e-53,6.5556835197173056e-15,0.00559889443580313,0.025974362083857748,1.380213683515471e-09,0.9684267421001189
AAGTAGTGACGCGAGG-1,1.509800890325284e-24,1.541548031735867e-44,7.108154427181967e-11,0.012820186954558235,0.9869608596647045,1.9933640911104477e-11,0.00021895328972210178
AAGTCAATTGTCGTCA-1,2.8993063534938156e-29,5.54874108040777e-50,1.7332931887389335e-14,0.00013089853027874472,0.987853990384329,1.574221029752764e-13,0.01201511108521738
AAGTGACGACCGAATT-1,2.7483952948572324e-24,1.4142138947009476e-46,2.6644184632192177e-09,0.9076126758415611,0.09219133466589803,1.9596089498203614e-05,0.00017639073862407448
AAGTGAGTCGGGTTTA-1,0.9980812106623648,9.784945593475913e-10,0.001918788359140637,6.330714051237802e-19,8.160131810988262e-25,6.107853910334546e-21,8.648564801682351e-28
AAGTGCAAAGGTAGAC-1,5.390242722461655e-28,3.7844227149323054e-49,7.459323969902833e-12,0.21410564082009098,0.008580633001963904,0.012364884532440439,0.7649488416380453
AAGTGCCTTGACTGTA-1,3.631756404820784e-32,2.8196268308635e-54,3.4295428388685366e-16,0.00014758361442715487,0.9998466583254183,2.7999708872889665e-15,5.758060151320501e-06
AAGTGCGTTAGAATCT-1,2.6023866071915522e-34,3.1107092906566706e-55,2.3268135841136893e-18,7.734087446553839e-07,2.4059520555670043e-09,0.9999992241593147,2.5988514440338394e-11
AAGTGCTTCTCTATTG-1,0.0018236838058888567,0.9981763161941113,7.939004008969766e-17,3.2055264724603233e-38,1.1468583255557727e-42,3.7868134539094955e-41,1.5520413012592505e-44
AAGTGTTTGGAGACGG-1,3.035839834932871e-27,1.90163545421397e-49,1.175566875607546e-10,0.2803185985928095,0.719409332940264,5.110056381574161e-09,0.0002720632393133921
AAGTTCACTCCAAGCT-1,2.866969179317001e-31,2.3789265213636992e-55,5.553494033078942e-13,0.016935793805690193,0.9830577371882431,2.7727067901873244e-08,6.441278443314466e-06
AAGTTCAGTCTGCGTA-1,3.5907496034043134e-32,1.1689858876818551e-53,8.486312343573102e-16,0.0005250287991986841,0.15815469227733836,5.310221644321245e-12,0.8413202789181519
AAGTTCGGCCAACAGG-1,4.073921643588513e-31,1.5707592338354184e-55,1.2672499706471422e-12,0.9265268842461113,0.05169114195467961,0.00028126300749636797,0.02150071079044551
AAGTTGTGATGTTATA-1,1.1758544149619594e-27,3.7702973641841757e-47,3.1690278672486935e-13,0.007031089645279364,0.8236758958766578,5.340278539761187e-10,0.1692930139437181
AAGTTTATGGGCCCAA-1,1.7548636802934748e-25,8.611195967393297e-48,1.094661009866652e-09,0.13541323562198052,0.7669426992281579,4.318838916454746e-09,0.0976440597363617
AATAACAACGCTCGGC-1,2.7965449893119652e-18,2.5960489616127975e-36,3.138883378186224e-07,0.04909188733162503,0.950828398963625,5.956258120754727e-10,7.93992207863933e-05
AATAACACTAGAACAA-1,0.9220971837371359,0.07790281026665986,5.996204184121031e-09,2.5139083495754357e-28,1.0764794916196706e-34,1.121433660109251e-32,5.175046216096863e-36
AATAATCTTCGTATCG-1,3.2789838814357422e-15,7.457538120610583e-33,2.8041411354613016e-05,0.09697346346378889,0.09039670071897653,4.527047934030768e-07,0.8126013417010833
AATACAATGTTTCAGG-1,3.291879619376563e-27,3.182847416617713e-48,1.8863393083972837e-11,0.12739832490000044,0.11422508024260845,7.099433971071882e-07,0.7583758848951305
AATACCGGAGGGCTGT-1,0.014370875906076767,0.9856291240938959,2.7419519456402806e-14,1.714664646607827e-35,9.753829385103318e-42,6.688087430313265e-38,1.6845038689939998e-42
AATAGAACAGAGTGGC-1,0.9999857707354315,1.1194049041417237e-05,3.0352155271972704e-06,7.030749733736803e-23,1.169449435937618e-27,2.6119207582071143e-27,5.803443032159414e-28
AATAGAATCTGTTTCA-1,1.0143529717669965e-27,5.010851358239395e-50,2.96502876977704e-11,0.06433127504821484,0.9353851541664041,2.5878857197333562e-11,0.00028357072985189417
AATAGCTACCGCGTGC-1,9.660013516882032e-25,3.407356086191161e-45,8.996105225788448e-12,8.83309679866683e-05,0.004915211226090837,4.1677036674202425e-10,0.9949964573801561
AATAGTCCGTCCCGAC-1,0.0021536343100665933,2.2248432822760243e-13,0.9978463484589094,1.7228346435660254e-08,2.378124316884596e-12,6.610819291271602e-14,1.1158746621100824e-14
AATAGTCGCGAGTCGG-1,2.1146308742139255e-32,4.042735041104317e-55,5.334107805084708e-15,4.589533636765001e-05,0.0003800462227765656,1.0444205298635103e-14,0.9995740584408401
AATATCGAATCAATGC-1,3.818685036493203e-30,1.4725688444236957e-50,6.340258643334126e-15,0.000979658347925143,0.8184707093941774,6.2277974801126724e-12,0.18054963225166343
AATATCGAGGGTTCTC-1,8.302592414406814e-26,8.075152879806772e-46,1.451416389465098e-12,0.00042460423551534635,0.9849433564372296,8.009891554098167e-12,0.014632039317793668
AATATTGGAGTATTGA-1,1.6146586169573151e-25,6.240274666015041e-46,2.6535903265962212e-11,0.06050901134909072,0.9312793038091179,8.930030173501893e-08,0.008211595514953743
AATCAGGTTTCATTTA-1,0.9999797800659745,2.0150530201335657e-05,6.940382401603083e-08,4.398413252808272e-27,1.5734333806770898e-31,2.3227475574058515e-35,3.25477008927263e-36
AATCATGTAAAGACTC-1,1.1950233601405199e-28,1.4786182875660398e-47,1.2701763392612778e-14,0.0005887637883770248,0.9946009231671441,6.205230560843461e-11,0.004810312982413835
AATCCAAGGGCCTGAG-1,2.3571932760605485e-35,2.744638654862374e-57,3.1284205562279826e-18,5.175857702607352e-06,2.0301792347897107e-05,1.3135276702033475e-14,0.9999745223499363
AATCGCCTCAGCGCCA-1,1.4731494964408278e-12,5.454681054199261e-29,0.005239605244922513,0.8437568072223341,0.14697305865651558,1.5642920263497017e-06,0.004028964582728054
AATCGCGCAGAGGACT-1,8.162198477624915e-27,3.030349610560956e-48,9.590405558816549e-12,0.02505472209045881,0.5058243267597754,7.536774222415572e-10,0.4691209503864979
AATCGGGACACTACGA-1,9.705902668149687e-32,5.320083427496031e-54,2.005059640089399e-16,0.00015391264787197886,0.2061229367548821,1.0912473844086353e-06,0.7937220593498613
AATCGTGAGCCGAGCA-1,3.7273584468823394e-30,1.788254302466334e-53,2.078555943242999e-13,0.00878534777652467,0.9911562271616643,1.5788178443696932e-10,5.842490372135091e-05
AATCTAGGTTTACTTG-1,8.041564118656852e-20,4.734050338715557e-38,6.015005952275644e-08,0.006556236502831738,6.823090081540833e-08,0.9933691640544212,7.447106178671714e-05
AATCTATGCCGGAGCC-1,1.011918840227608e-31,1.4680971379081806e-51,3.549355795809805e-16,0.0001505711899472953,0.009287710269798214,2.4947982812349057e-11,0.9905617185153061
AATCTGCGTTGGGACG-1,6.343432959589145e-26,2.2886099609587665e-46,2.992216545404247e-11,0.026150929043602715,0.9735008189802065,2.1913361604468958e-09,0.00034824975493249756
AATCTGGCTTTCTAGT-1,6.224303440577205e-12,5.45487692242893e-26,7.398509267116546e-05,0.00024983432263887937,8.210710951721004e-08,0.9996755187711353,5.797002207916505e-07
AATCTGGGTAGACCCT-1,8.089581706681261e-23,2.7818779039943613e-45,5.0727293706948785e-08,0.08211737725423159,0.0035465143027668873,2.8997726128575075e-09,0.9143360548159353
AATGACAGCAATGTCT-1,1.6517101142498956e-17,1.165002550093855e-34,7.607232371176031e-06,0.019345859683287614,7.485532037442201e-06,0.9806382751349353,7.724173682949523e-07
AATGACGTAGGATGTC-1,1.0090493842341103e-28,3.9262689093763835e-51,7.357348907669957e-12,0.5943436271720651,0.39897223033908036,1.5587571594304035e-05,0.0066685549099028615
AATGACTGTCAGCCGG-1,1.2357315436611245e-30,2.0143488052511355e-53,3.3298724786106836e-13,0.06720900831530012,0.9073280606223227,5.050878267958177e-10,0.025462930556956403
AATGATGATACGCTAT-1,1.9920345985640625e-28,1.0378433480293746e-49,8.367293398251197e-13,0.00879833180708455,0.9812238660040581,3.0680934631858016e-11,0.00997780215733956
AATGATGCGACTCCTG-1,4.100297521866223e-34,1.9221547471567686e-56,8.088433510325415e-18,2.073342013792916e-05,0.9882147679727548,3.845542911492711e-15,0.011764498607103387
AATGCAACCGGGTACC-1,8.580191871670302e-26,2.8759061872196435e-48,3.7367742157759957e-10,0.20909544537461514,0.7866148854098778,5.643056111623816e-10,0.004289668277524013
AATGCACCAAGCAATG-1,2.3790553054291122e-31,6.119371163955572e-52,2.2224368573235836e-16,7.713139068715886e-05,0.9798353735745373,7.776853026129529e-11,0.02008749495700674
AATGGTCCACCGTTCA-1,7.607863060696618e-29,2.026767278546335e-51,1.5227561765208268e-12,0.04615379744455967,0.9530383620050625,3.21919696919569e-10,0.0008078402269354121
AATGGTTCTCACAAGC-1,3.2118211744628806e-31,3.799063253351941e-50,3.021668669701617e-16,5.497528536250469e-05,0.0019472650692874956,3.387830932831216e-13,0.997997759645011
AATGTATGGCACTGTA-1,0.9382656244873026,0.061734375381853675,1.3084365403632162e-10,5.062608802814041e-30,5.5986095148447744e-36,9.373999486727557e-29,2.2609260615703084e-37
AATGTGCCCGAGGTGT-1,0.9998287014215781,0.00017108067128408883,2.179071377831981e-07,2.7105321951734483e-24,8.980734178193964e-31,2.275738921029757e-24,1.5301084068883026e-32
AATGTGCTAATCTGAG-1,4.206003130539133e-13,0.9999999999995794,4.433071938945417e-34,5.834936510319271e-62,8.982982205073186e-68,7.242589908202543e-61,2.2306784940220685e-69
AATGTTGTCGTGAGAC-1,3.4012983834936028e-25,1.9135311613722623e-45,7.413050676644908e-11,0.06911759604078913,0.9155039470263574,1.0360108027552448e-09,0.015378455822712153
AATTAAAGGTCGGCGT-1,1.4748013216757955e-19,3.433296745731159e-39,2.241523051286904e-06,0.9991065372431805,0.0006335259519372111,3.575304960356685e-06,0.0002541199768708209
AATTAACGGATTTCCA-1,1.5152962366930053e-28,7.190692734143114e-47,4.997236596869412e-16,1.0452426617908785e-08,3.6696639192972616e-10,0.9999999891762766,4.32975954152639e-12
AATTACTCGTACGCTC-1,6.867319738214666e-32,1.0169361752626672e-54,7.48514363841428e-15,0.0002869107986009259,0.0011683717646144853,2.5566483524371414e-11,0.9985447174112108
AATTAGCGCTGCAGCG-1,3.292585392353747e-19,6.925545304058164e-40,8.101251971552509e-06,0.9224626135367484,0.07750487549522159,1.130213764617486e-06,2.3279502293779424e-05
AATTCATAAGGGATCT-1,1.6814956892216432e-24,4.134815420365516e-44,9.160045216004879e-11,0.015867410841310072,0.9757030494065502,8.035920165916655e-11,0.008429539580180062
AATTCCAACTTGGTGA-1,7.114822501496304e-23,4.841302302482926e-45,8.866859254850152e-08,0.9043496857671494,0.003715651243035801,1.0188368314518588e-06,0.09193355548439074
AATTCCAAGCATGTAC-1,2.5168145052474196e-16,7.861055021843126e-34,5.860221955474058e-05,0.9764332396285696,0.007111601721209396,3.0095392633945056e-05,0.016366461038032028
AATTCGATTCGAGGAT-1,1.456673044130138e-28,9.28306698302617e-50,8.954337042679625e-13,0.017141780474294488,0.9815480066387791,6.620645445378393e-09,0.001310206265385726
AATTCTAGAGTTAGGC-1,1.8204944761232818e-22,3.673264801361488e-39,1.1398963299748821e-11,2.1553435683202555e-08,9.098205534696492e-14,0.9999999784350726,1.8551830984701085e-15
AATTGAACGCTCTGGT-1,3.02413630167742e-23,4.899910504794648e-44,1.3918087058080888e-08,0.5800258212631257,0.4080839412797589,6.603451298354847e-08,0.011890157504515511
AATTGCAGCAATCGAC-1,4.4260860198710004e-32,2.2213853938167074e-54,7.05561176185841e-15,0.010039711462485452,0.880959752052665,2.887972051634497e-11,0.10900053645596276
AATTGCGTGGATTACA-1,0.9998281240352365,0.00017159529853813277,2.806662253076045e-07,4.3417093052802287e-23,3.289476195713029e-29,2.2528278142957467e-27,2.4100116893546348e-31
AATTTGGGACATAGTA-1,6.716889277649207e-32,6.009899802451587e-55,5.326671021509911e-15,0.0008241974780137338,0.4460948759739275,3.1562083468923764e-11,0.5530809265164914
AATTTGGTTCCAAAGA-1,9.323147353194195e-30,2.1605102199084475e-50,3.686748136642621e-14,0.0012589003760613727,0.01635604550803111,2.317263072802582e-09,0.9823850517986075
ACAAACCATGCGTCCT-1,4.1100653611341147e-05,0.9999588993463886,1.1331300192533498e-17,1.4456194413186702e-38,5.162403221038997e-45,1.3879805510474726e-37,7.707045868544696e-47
ACAAAGCATGACCTAG-1,6.506184877782283e-28,1.960798850547257e-48,4.133311167087409e-13,0.006732640765331659,0.9518074853559839,2.0376443442559943e-10,0.04145987367450668
ACAAATCGCACCGAAT-1,4.1346775405890487e-11,3.59547666181933e-24,0.0024653025548574867,0.49836957397824216,0.4981640800118709,2.035947310465735e-06,0.0009990074663722693
ACAAATGGTAGTGTTT-1,2.8178396583189385e-27,2.750108311392445e-48,1.6110235008527747e-11,0.05147258050474016,0.9280849252478572,9.45206351254818e-11,0.020442494136771724
ACAACAGCATGAGCTA-1,1.308826195946771e-23,5.552124797971485e-44,2.993451739564664e-10,0.008367530373297452,0.9905577713383434,3.1102503970696257e-10,0.001074697677989143
ACAACGGTCCCTGCGA-1,2.7067177377622213e-32,6.666820471271357e-56,1.774518555442251e-14,0.02019761365055295,0.38938320278140726,5.5300945143558186e-12,0.5904191835624921
ACAAGCAGTGCCTAGC-1,8.448197480459073e-26,6.263950011006382e-46,1.0646385084182617e-11,0.057102169362830205,0.6467028858123023,4.250138936693444e-07,0.29619451980032746
ACAAGGAAATCCGCCC-1,6.579092232501299e-27,2.2402613150295615e-48,1.1310982815008628e-10,0.6769454566123195,0.22430719064446974,5.463087242097421e-05,0.09869272175767989
ACAAGGACAAGAGGTT-1,2.1355611163003427e-31,1.1072293536498618e-53,2.4653579066732614e-15,0.0012451939699460166,0.9971931183519952,1.7143338814451614e-13,0.0015616876778848556
ACAAGGATGCTTTAGG-1,4.877824660772056e-26,1.5352944206858875e-47,6.174290710016867e-11,0.056908227598044175,0.9427079223244754,2.778133018437611e-07,0.0003835722024356914
ACAAGGGCAGGCTCTG-1,3.2257590319638145e-24,1.6911154436030298e-45,1.146042125242667e-08,0.7534899446299206,0.24272024438069648,9.78875197935635e-08,0.00378970164144201
ACAAGTAATTGTAAGG-1,0.99885585119625,0.0011440549983154445,9.380543455916646e-08,2.9637309920551375e-24,1.5688955350947428e-30,6.699775553520445e-19,8.370107635893863e-30
ACAATAGTCGTACGTT-1,2.208868431111539e-26,2.1152574026140825e-48,1.1417308740466049e-10,0.33879501922851823,0.6611252999882707,7.743096694379524e-11,7.968059160701693e-05
ACAATCCATTTAAACC-1,2.4498123337511682e-26,4.996238683859622e-48,3.0616490198694945e-11,0.035818501845700464,0.9626325844708579,6.923721233032234e-13,0.001548913652133106
ACAATGAATACGGAGA-1,0.041240033277144914,0.9587599667226905,1.6454987407775465e-13,1.0759120076227837e-33,4.770344177441105e-39,1.466991855774876e-35,2.9273921201557465e-41
ACAATTGTGTCTCTTT-1,1.7936430564587493e-31,1.0110861677369543e-52,1.0660412634874677e-15,0.0003672027942470501,0.9928496230947177,6.484820230617813e-13,0.006783174110385554
ACAATTTGAGCAGTGG-1,1.450855107174384e-28,1.4066004405356916e-52,4.640492859556248e-11,0.1132402126999425,0.8698715079941672,2.413040166863101e-10,0.01688827901818145
ACACAAAGACGGGTGG-1,1.00305292374887e-25,3.217844560225905e-46,7.187960884017247e-12,0.0019477245807186312,0.9973787131395627,1.763517446981363e-14,0.0006735622725128989
ACACACCAGGACCAGT-1,4.49399662381718e-31,1.880810821421108e-55,2.789293354463815e-13,0.03975163206766698,0.9592187194882068,6.919896405018708e-10,0.00102964775185763
ACACACTTTCTACACG-1,1.040446222388233e-24,7.433494823605987e-42,1.2116960967880164e-12,0.000580894572689154,0.6989193994611738,1.5671413230072622e-10,0.3004997058082113
ACACATGATCAAATCT-1,1.7179172944511007e-10,0.9999999998282083,1.668607350596466e-29,5.026513781326482e-55,4.638489762993235e-60,2.7303806445104926e-55,2.2024045869564267e-61
ACACATTGACGCAACA-1,5.861261520850809e-29,1.9986471828606442e-51,6.843393449032015e-12,0.05238149878780142,0.018946977441236922,3.2301561378226833e-09,0.9286715205339621
ACACATTTCCGTAGAC-1,1.618446206497708e-23,1.0535637420382148e-38,1.1107615641565721e-13,1.0626496659046373e-07,1.6730826110127257e-09,0.9999993489186934,5.431431463212952e-07
ACACCCAGCATGCAGC-1,9.968816515156015e-15,2.780814024421798e-31,9.319756430468438e-05,0.34869576628771143,0.6489623592118038,1.0095878508670326e-07,0.0022485759773850813
ACACCCGAGAAATCCG-1,3.0987609751424124e-29,3.686194227264643e-50,2.3898714480424976e-13,0.015236427583239592,0.027134678971868956,5.269644765079672e-11,0.957628893391956
ACACCGAGCGCTCTTT-1,1.075069062652573e-33,3.618187154883126e-56,2.1383578085641717e-15,0.0003931649637153589,2.1155542906351636e-05,0.0010869457218411738,0.998498733771535
ACACCGGTCTGACCGC-1,0.9601751424336827,0.03982485751139675,5.492048012952899e-11,4.446499947086088e-30,7.252950482095278e-36,6.207618175131372e-26,2.7745333243666383e-39
ACACCTTAAGTAGGGC-1,2.7477205506489003e-27,1.413817825854791e-48,2.3794700727762713e-12,0.007895826732909223,0.9850234569317274,5.896657598581298e-10,0.0070807157433182165
