,0,1,2,3,4,5,6
AAACAACGAATAGTTC-1,0.009773733612651036,0.02551428334847421,0.021289573838024708,0.48457692425954846,5.185197382479677e-19,0.4501388877889937,0.008706597152308121
AAACAAGTATCTCCCA-1,1.2777333746993836e-10,0.10712960912175647,2.693605359675996e-05,0.043922845883323,2.967657378252953e-27,0.8489206088135465,3.9008480565805994e-15
AAACAATCTACTAGCA-1,0.9999999999116316,8.688688296368399e-11,4.183545311752001e-13,8.409833975227996e-13,2.983968617234479e-26,2.2217824989905773e-13,1.0178568650342145e-18
AAACACCAATAACTGC-1,1.07994919767446e-43,1.0906762093149411e-43,8.820662840728235e-22,6.533285843271421e-43,1.0,4.0015443759038365e-38,3.4398147950834216e-20
AAACAGCTTTCAGAAG-1,1.3283436632532597e-08,0.0001403681369664078,0.00011868431659766836,0.007263500371217347,1.9427260954170545e-27,0.9924774338903718,1.4102068914664846e-12
AAACAGGGTCTATATT-1,5.382637862545047e-10,0.0008526398246921103,0.006664210605906421,0.0013130982621651433,5.289605241006368e-22,0.9911700507680399,9.327841076307122e-13
AAACAGTGTTCCTGGG-1,1.6784812597714672e-10,1.7717519435299174e-08,0.9995693158595818,5.152138818643304e-07,0.00024153615038177993,3.075253255243258e-05,0.0001578623582344583
AAACATTTCCCGGATT-1,1.094224611773239e-06,0.010097403111621295,0.005812635696175082,0.005706773626760008,2.0928217959523952e-21,0.9783820933318595,8.972244743747074e-12
AAACCACTACACAGAT-1,3.566315627391119e-08,0.9748389465370632,2.711057057528089e-07,0.0071822957456430855,2.0622199697952424e-30,0.0179784509484315,6.422706613722265e-18
AAACCCGAACGAAATC-1,9.217466999901062e-09,0.32498173907210515,1.3082968072261442e-06,0.12386571540483894,2.3264599965863417e-30,0.5511512280087816,1.695066387751416e-16
AAACCGGGTAGGTACC-1,1.7007553426352292e-11,0.0003752904326196115,3.2270739691216796e-06,0.3391637649082837,2.0551791462843826e-28,0.6604577175681191,8.88740350265515e-16
AAACCGTTCGTCCAGG-1,5.354417392952569e-15,0.00011715704686030084,7.59833101828302e-06,0.013819923493872392,2.2933211667612537e-29,0.9860553211282433,1.4621106589486201e-16
AAACCTAAGCAGCCGG-1,1.0864750964131915e-09,0.00018079115481377464,0.19023849643879592,0.006801238977346864,5.071940654554214e-16,0.8027794583494529,1.3993115018470647e-08
AAACCTCATGAAGTTG-1,6.215071546849686e-10,0.0009069341746927292,0.004853767840504145,0.171180254024215,5.779209096962106e-21,0.8230590432648864,7.41945401186017e-11
AAACGAAGAACATACC-1,0.9068169918639556,0.09304955010982836,1.4023273856231769e-05,6.556028549652981e-06,3.557143028603433e-23,0.00011287866307537667,6.073467067167753e-11
AAACGACAGTCTTGCC-1,3.4055814813081436e-08,0.9567112241695754,4.978507330843543e-06,0.012978452349270716,2.296190310839864e-27,0.030305310917991282,1.7051798642192117e-14
AAACGAGACGGTTGAT-1,4.485366542932719e-08,0.043609841923535744,3.709285107576456e-07,0.6642568817742371,6.652840902424808e-32,0.2921328605200509,1.5653805391337955e-18
AAACGCCCGAGATCGG-1,2.9458412824955275e-09,0.996369020231218,2.239594106743414e-07,0.00021517939018906126,2.259404542443687e-30,0.003415573473340858,1.6845872587464168e-16
AAACGGGCGTACGGGT-1,2.1927576664125946e-14,1.1771745899111488e-05,3.7347312655728503e-06,0.0026147923101198277,1.207228098313287e-30,0.9973697012126886,4.8945743385523655e-15
AAACGGGTTGGTATCC-1,0.005084299828449137,0.9883065354311984,0.00012481503966218214,0.0049452761418790235,4.323489898855279e-21,0.0015390735587532643,5.810436110630097e-14
AAACGGTTGCGAACTG-1,1.6723414472907895e-06,9.70186730438981e-06,0.009020615715660816,5.056150112532413e-06,2.073380802229219e-15,0.0004990291276437464,0.9904639247978291
AAACGTGTTCGCCCTA-1,0.32336304600707644,0.674407551212568,1.1868886000107016e-08,0.0008244423752219725,2.54098443653406e-33,0.0014049485362475616,3.3475128377614895e-18
AAACTAACGTGGCGAC-1,7.824793615643972e-05,0.9634837995815254,6.410942544690746e-05,0.005822531793008847,3.417091214653355e-26,0.03055131106172885,2.0213326063968754e-10
AAACTCGGTTCGCAAT-1,3.248776181126152e-11,0.002795947256507818,0.0002412342782230518,0.0030859709466606092,3.5966373302373903e-26,0.9938768474855474,5.732433042119033e-13
AAACTCGTGATATAAG-1,0.9999166595744984,8.193923876172529e-05,2.33659074253395e-09,7.247324888897203e-07,1.8360899612602225e-28,6.741176601495647e-07,4.429830311629885e-17
AAACTGCTGGCTCCAA-1,1.4071303148937699e-11,6.226213069562188e-05,1.1276916318104407e-05,0.09041624111904702,4.895363079841771e-27,0.9095102198198675,4.92486001524864e-16
AAACTTGCAAACGTAT-1,1.034206397782405e-07,0.00879482991414667,0.0001926612010746312,0.006229466850029915,1.3983225850080165e-25,0.9847829386140038,1.0521402337123012e-13
AAAGAATGTGGACTAA-1,1.0732090776322872e-11,0.0006979052662944151,0.0053545652983429054,0.006997555113774631,1.8343823811545558e-22,0.9869499738695626,4.4129322671283687e-10
AAAGACATGAAGTTTA-1,5.678525817014318e-07,0.9959544171644996,3.0842477107905226e-07,0.0015001187798260576,4.8425531891646605e-28,0.002544587778321262,4.926881498687194e-16
AAAGACCCAAGTCGCG-1,1.3799868372130475e-09,0.9988824837941563,2.2802808517946887e-08,0.000731434939933831,1.9906533864493974e-29,0.0003860570831145955,5.587315390524278e-17
AAAGACTGGGCGCTTT-1,1.6068894451001527e-08,0.013579944778732778,3.2701148205633933e-05,0.23381449097851245,5.397143012963526e-28,0.7525728470255804,7.429865822487331e-14
AAAGGCTACGGACCAT-1,1.561117594528023e-10,0.0022705538397813116,0.0009555825472795796,0.016555832842171138,3.404720210967252e-23,0.9802180306129632,1.6930417295914823e-12
AAAGGCTCTCGCGCCG-1,4.307886334233717e-13,6.285865337772588e-05,0.0002807554104815897,0.07811350022594421,5.741065637422372e-25,0.9215428857096409,1.2467790249810277e-13
AAAGGGATGTAGCAAG-1,1.6620841621635196e-08,0.9577487241557736,7.992710555087466e-07,0.02613221579223197,4.577899264794379e-28,0.01611824416009552,1.8413796159128624e-15
AAAGGGCAGCTTGAAT-1,2.989883124593428e-12,0.003376277951774679,5.121542996706962e-08,0.5663985896507353,1.7956917186939678e-33,0.43022508117907016,4.431110369034583e-18
AAAGGTAAGCTGTACC-1,0.8753944112831215,0.11613679333295786,4.554795171134289e-05,0.005477834300911714,1.5627201029338618e-23,0.0029454130629214506,6.837619844200343e-11
AAAGGTCAACGACATG-1,5.416768939935903e-08,0.5333312732890388,2.3451779418314306e-05,0.03677757086706738,1.1191130499363967e-27,0.42986764989677895,7.174931117332265e-15
AAAGTAGCATTGCTCA-1,2.7705926266206196e-11,0.004039991307302196,0.00519187412517192,0.05383392884479658,7.354831698588203e-21,0.9369342056647157,3.030772241512239e-11
AAAGTCACTGATGTAA-1,1.2366034964630807e-09,0.9995347611469163,1.907473445874319e-08,0.0003972077042976653,3.5364181698205827e-29,6.801083744828304e-05,5.128404546624787e-17
AAAGTCGACCCTCAGT-1,2.6891967895904412e-08,0.002681358261195446,0.00032390739174478235,0.1174405021614535,2.2982990659336828e-26,0.8795542052933193,3.190578847755593e-13
AAAGTGTGATTTATCT-1,1.3845107723360598e-06,0.5384278440978959,2.371975283167145e-06,0.11555339183063575,4.3645984356011633e-29,0.34601500758541237,4.1730337558553435e-16
AAAGTTGACTCCCGTA-1,4.35948829768261e-07,0.9572639549825972,6.998434323257097e-08,0.029717629170108374,6.586057459124402e-34,0.013017909914121219,2.820227284498586e-16
AAATAACCATACGGGA-1,0.8007036017044861,0.01802194985342393,0.00042864298430812526,0.025140820015459586,1.3449203175753203e-22,0.15570498544177921,5.43241814581708e-13
AAATAAGGTAGTGCCC-1,6.46429528360556e-07,0.9884100632796899,6.162317296353237e-07,0.011413370997555405,1.709359784703707e-24,0.0001753030614960304,4.758299463131656e-16
AAATACCTATAAGCAT-1,1.0278808139283654e-10,0.0005122426959589516,0.0014101562288777398,0.016739541004249077,6.340785680717169e-22,0.98133805996812,6.317634806692638e-15
AAATAGCTTAGACTTT-1,1.2020993993135372e-06,0.20383345337482586,2.2942355777313658e-05,0.06781706518708999,1.2974652745665386e-27,0.7283253369828845,2.3174017525110727e-14
AAATAGGGTGCTATTG-1,8.333233508537689e-12,0.0001517777759775734,1.7098494360276414e-05,0.029769448873191055,1.1531285394796705e-27,0.9700616748481348,3.106497300734749e-15
AAATCACTCCTAAACG-1,5.298463885274256e-08,0.883171103862004,5.806329355411034e-07,0.009556548549935432,5.341277163769274e-32,0.10727171397048609,8.14159681376633e-18
AAATCCGATACACGCC-1,1.2442450955680195e-10,4.3676115270622854e-05,0.03031444749104406,0.0034611333573076127,6.255056247324985e-20,0.9661807428703132,4.163996692021531e-11
AAATCGTGTACCACAA-1,1.463125263534076e-11,0.00016197554723936024,7.820084116312819e-06,0.33952190998832377,1.6168245386592115e-28,0.6603082943656889,2.8089611166887745e-16
AAATCTAGCCCTGCTA-1,0.00010384079759125007,0.2482124567189258,6.21898123369718e-06,0.2815988551287637,4.248870044658821e-28,0.4700786283734745,1.0962057256288007e-14
AAATGATTCGATCAGC-1,0.9996414483587323,0.0003535412619355329,8.693860367255944e-08,3.8078829711835467e-07,1.6214474807279363e-25,4.542652416153426e-06,1.5316057770241154e-14
AAATGCTCGTTACGTT-1,7.554547846440469e-10,0.16031398025675286,1.1912509988324417e-07,0.6829710248094829,2.6216850684469e-32,0.1567148750532096,3.3738249253819584e-17
AAATGGCATGTCTTGT-1,0.9998486334570958,0.0001511452092209639,2.293234291007678e-12,2.1236205888792484e-07,3.5102508839318664e-33,8.969331324835428e-09,4.382795104215856e-21
AAATGGCCCGTGCCCT-1,4.728761721834835e-11,0.00010547607036391599,0.08603766018183913,0.0033261106027312436,2.2541164667841672e-21,0.9105307361030383,1.699473986330875e-08
AAATGGTCAATGTGCC-1,2.2946083939503316e-10,0.008945364195962827,1.128764898527126e-07,0.8980336223934767,2.2494329625222808e-33,0.09302090030460951,1.117937785149729e-16
AAATGTATCTTATCCC-1,9.346937977355622e-09,0.00018758314098967098,0.13451857189838476,0.0037250646987541484,5.037144961750388e-19,0.8615681306733347,6.402415987422745e-07
AAATGTGGGTGCTCCT-1,0.9999989387433873,1.05543258768112e-06,3.656726140270118e-12,4.17578628198079e-09,9.88519946266269e-34,1.6445820358562285e-09,7.698037242423994e-22
AAATTAACGGGTAGCT-1,1.7682408808338916e-09,0.04972246141586379,8.772904694837775e-06,0.47718547460258826,1.125334193949293e-27,0.47308328930859617,1.5800758774010727e-14
AAATTAATAAGCGCGA-1,4.464835294195116e-10,0.0004646908354763808,0.00023308750279142662,0.10023118049649939,1.2301300904986005e-24,0.8990710407187474,1.885742069684088e-15
AAATTACACGACTCTG-1,0.9999999997418578,2.576922230200115e-10,1.2949076791236404e-16,2.729411169043453e-13,5.5397659090259385e-37,1.7674719196334556e-13,4.770041751827548e-26
AAATTACCTATCGATG-1,1.5916216388955113e-06,0.9987378578176456,7.99163900683951e-08,0.001051567345807797,7.192122936148566e-28,0.0002089032985174327,3.144959432711378e-17
AAATTCCAGGTCCAAA-1,8.299924072715251e-07,0.9451100818072263,1.7801016098302449e-06,0.00709308498712626,3.0323195337585286e-29,0.04779422311155638,7.383744760835672e-14
AAATTGATAGTCCTTT-1,5.191763668584873e-09,9.730127355318149e-05,0.9194263348965851,0.0030829783250059164,9.788201911267968e-13,0.07724251757418937,0.00015086273792373243
AAATTGCGGCGGTTCT-1,2.495748259278008e-06,0.650593749210076,7.19165405165344e-08,0.335255029498284,1.3908698531693002e-32,0.014148653626840205,2.0126166902359813e-17
AAATTGGTGAGAAGCA-1,0.7620954317966286,0.23634002715207358,6.6352174268866e-07,8.75454771023556e-05,6.399530479503283e-28,0.0014763320524526014,1.6967671591045408e-17
AAATTTACCGAAATCC-1,0.18541830157686554,0.586530657952592,4.88169825327381e-06,0.22470870683479297,6.200089388542512e-25,0.0033374518589624367,7.853385925760127e-11
AAATTTGCGGGTGTGG-1,2.5982884217696964e-09,0.00025105214091328227,7.820137355630569e-06,0.21774128082269736,3.039480128400005e-30,0.7819998443007449,3.937715261969923e-16
AACAACTGGTAGTTGC-1,8.700285600510751e-12,0.00034498894588913304,3.4013030559749916e-08,0.9562228579102715,9.386371632585215e-33,0.04343211912210847,9.012444085565774e-17
AACAATACATTGTCGA-1,1.837845424995919e-13,3.6113868479820287e-10,4.9629438792120005e-05,5.467009430454561e-12,4.587400911200496e-11,8.394942878422961e-10,0.9999503693090501
AACAATTACTCTACGC-1,2.918426236541995e-12,0.00038912420651344797,5.157331319320907e-08,0.5272699862069563,2.1012167771218468e-33,0.4723408380102987,4.645668544924254e-19
AACACACGCTCGCCGC-1,1.312490300774942e-10,8.012828294962719e-05,2.449922550149268e-05,0.11474528166334422,3.3236058104030147e-28,0.8851500906968306,1.2506756003066973e-13
AACACGACTGTACTGA-1,0.9999999820963134,1.790353934810299e-08,7.7063362433221e-14,3.251135576713706e-14,4.346739005924848e-28,3.783069555852168e-14,2.8275103720092956e-19
AACACGAGACGCGGCC-1,6.705653881433866e-10,0.00027870698880703575,0.04159732880893291,0.0036401702520832647,1.832623140582162e-18,0.9544837932652028,1.4408575296059897e-11
AACACGCGGCCGCGAA-1,7.452283716499304e-09,0.997558303428558,9.258863088120608e-09,0.002109533869828324,5.8954668312103395e-33,0.00033214599046690695,1.854775855097274e-18
AACAGCTGTGTGGCAA-1,2.8063096193884994e-14,3.5400519290765223e-13,7.292553227801406e-05,5.365860464574965e-11,6.311984617461277e-13,1.574412572969185e-08,0.9999270586689243
AACAGGAAATCGAATA-1,0.6561689774102032,0.3379384334801297,1.5158955906252258e-06,0.005362597530578626,1.436668897741281e-25,0.000528475683056656,4.412755081266159e-13
AACAGGATGGGCCGCG-1,3.015700614315459e-09,0.00035526349412012674,5.090205901185686e-07,0.754852680071068,2.3064236068235747e-31,0.24479154439851458,6.572110498042068e-15
AACAGGTAGTATGGAT-1,1.2224968945694623e-06,0.4121463968944429,7.386583929210802e-05,0.06493512695641923,7.6166392588699795e-28,0.5228433878128657,8.551081609734362e-14
AACATAGCGTGTATCG-1,7.84380770610948e-08,0.004578323701922606,0.004853531441418825,0.0030536451739706302,1.7139612327889867e-22,0.9875144212444692,1.4171604863921753e-13
AACATATCAACTGGTG-1,2.7751991495470418e-05,0.9912897769363154,3.366161392893125e-10,0.008144892508041375,2.1971893750962902e-36,0.0005375782275315078,4.540580767474368e-21
AACATCGATACGTCTA-1,0.9999999997724336,2.237542864778828e-10,4.1469200775419105e-14,5.309578879102286e-13,2.8583258254283546e-32,3.239532986551503e-12,5.2936991060179985e-21
AACATTGGTCAGCCGT-1,1.6535572340970683e-06,0.996439868914067,5.709066075103501e-07,0.0029508303012436427,1.3432620635547348e-27,0.0006070763208192153,2.867337555470858e-14
AACATTGTGACTCGAG-1,3.539672611727272e-08,0.0063353577541312754,0.976299844994292,0.008909506799252294,1.0674746163388508e-11,0.008292105109260393,0.00016314993566313827
AACCAAGACTTCTCTG-1,2.4941177847577842e-12,0.0003748302271978208,8.12570244821234e-06,0.14562584760497752,5.1325803370719726e-27,0.853991196462874,8.304228022279594e-15
AACCAGTATCACTCTT-1,0.8921961576494764,0.10779500993435502,7.531715310724087e-09,8.293931547639093e-06,9.914822382995509e-26,5.309529056776639e-07,7.467009702893633e-18
AACCATGGGATCGCTA-1,3.899758881618874e-09,0.5887784964708629,2.0594636181676446e-06,0.3484096857818729,6.909149620210623e-29,0.06280975438388596,1.1339663541643346e-15
AACCCAGAGACGGAGA-1,4.49134017012758e-07,0.7104254753799528,2.730622547918723e-08,0.2816091240779377,7.21732700124437e-33,0.007964924101866932,4.562221394027531e-19
AACCCGACAACCCGTG-1,1.1354364170949238e-23,1.8602103397201517e-24,5.43457106587587e-08,1.2102307546984763e-22,0.9999998436691768,2.136729499310183e-18,1.019851125058834e-07
AACCCGAGCAGAATCG-1,3.067793182191166e-07,0.024715601704009982,0.004981134469779045,0.12456059849543571,1.1141189787445125e-22,0.8457403349661781,2.0235852790599323e-06
AACCCGATAGGGCTTC-1,8.444455742175881e-08,0.9961879638918472,4.823629152800897e-09,0.003181931201611627,2.4234661697776123e-32,0.0006300156383545539,3.2133793299531235e-19
AACCCTACTGTCAATA-1,9.486619859009482e-09,0.7656976179891589,1.7681286340892323e-06,0.04572178237017443,1.0149801359587064e-29,0.18857882202541226,3.2321589067239906e-16
AACCCTGGTGGAACCA-1,0.9994973994652774,0.0005020248419018479,4.6607750779514034e-11,5.512748999558544e-07,1.3454613876063584e-30,2.437131299065351e-08,2.0678356471614319e-19
AACCGAGCTTGGTCAT-1,4.894176088181762e-05,0.9554496148186227,1.5474151024956642e-07,0.037116348982304315,6.910717084698947e-30,0.007384939696681152,5.719645632578289e-17
AACCGCTAAGGGATGC-1,2.8273750805012366e-08,0.04183093569270966,0.0012697230305850607,0.07487269231843084,7.215981699458797e-23,0.8820266206722019,1.2321726567282153e-11
AACCGTTGTGTTTGCT-1,0.9999982116638002,1.7856707077699231e-06,5.326947540290307e-11,1.3630432114311357e-09,3.5939794733447925e-29,1.249179119018933e-09,9.70295680844341e-18
AACCTAAAGCCGTCCG-1,3.670131747105882e-05,0.2260636417293404,0.00019004516698845511,0.0936473072803991,1.6380842645582305e-26,0.680062304497869,7.93194877022552e-12
AACCTCGCTTTAGCCC-1,4.320049017414369e-15,3.259055359006242e-05,1.874539086882546e-06,0.0062885411664543285,1.1280258452164756e-30,0.993676993740862,2.488533505390208e-15
AACCTGTCACGGAATT-1,6.241879552840568e-09,0.9355280348285155,3.2838848051114325e-05,0.010326123712459886,2.0127191917457184e-26,0.05411299631977519,4.931849292820836e-11
AACCTTTAAATACGGT-1,2.8141510941013805e-10,0.00012006440101949099,0.008102415902573474,0.0024016854041766025,2.897778779425779e-20,0.9893758293202477,4.690567547370562e-09
AACCTTTACGACGTCT-1,0.9999999999846716,1.4583592081202193e-11,9.11945846462589e-17,2.914407444560227e-13,1.7662632793932693e-40,4.531069192906682e-13,6.0019079588887816e-27
AACGATAATGCCGTAG-1,3.21569686532473e-12,3.75041716886977e-05,0.0008331607867561936,0.03467778035840831,2.357124818480257e-23,0.9644515541194466,5.604846171612859e-10
AACGATAGAAGGGCCG-1,3.3712033977277853e-08,0.9045828746580462,1.1195293261704109e-09,0.05908466443796489,1.6564398449681966e-38,0.0363324260724256,3.9554702813602017e-22
AACGATATGTCAACTG-1,5.29465094409001e-08,0.9967890637738147,8.07554061570447e-09,0.0027592423129599772,8.493563214247795e-31,0.00045163289117539085,3.9975917089817445e-19
AACGCATGATCTGGGT-1,0.9960213465796772,0.00018522554412556477,0.0004670485313477956,0.0016449873670902546,3.958589030103316e-20,0.0016813773264380398,1.4651320997904068e-08
AACGCGAACGGCAACA-1,9.485742424974416e-09,0.9735994560790286,5.616291102707013e-07,0.01556621256967825,5.178480614795639e-29,0.01083376023644039,9.190063845706542e-17
AACGCGACCTTGGGCG-1,6.919680645929307e-15,9.056821176092393e-16,6.872268678168108e-07,1.4007564278632998e-15,5.607301985567968e-07,8.955092139861673e-14,0.9999987520428348
AACGCGGTCTCCAGCC-1,3.022709702250215e-05,0.9990928764058636,5.944838435679737e-09,0.0007352445431137628,1.1405488738204079e-31,0.0001416460091615102,1.1383801069013362e-18
AACGCTGTTGCTGAAA-1,1.4349747766693535e-08,0.005968410259710705,5.623196619342465e-06,0.05813508358345352,2.8935713257886755e-30,0.9358908686104686,1.8160069696179507e-16
AACGGACGTACGTATA-1,8.020330788367482e-12,0.0005463885859271859,2.3672330706543523e-06,0.04467038278822411,6.769393653556568e-31,0.9547808613847574,4.2700036143109275e-16
AACGGCCATCTCCGGT-1,1.210249993616612e-11,3.1176443960072455e-05,0.0015681947565338097,0.016940960578314544,5.725198249404965e-23,0.9814596682081604,9.28696065345728e-13
AACGTACTGTGGGTAC-1,2.0636318463702856e-09,0.012344763320528633,0.01772751828755169,0.046394427041296066,7.469196074789437e-19,0.9235332891614877,1.2550394047093647e-10
AACGTAGTCTACCCAT-1,0.999999999998215,1.6400462352445575e-12,1.7387578248245933e-15,1.3049986378800664e-13,1.6088183458027314e-30,1.2669215619561485e-14,5.760380864140005e-21
AACGTCAGACTAGTGG-1,2.053009737380828e-05,0.0018652574699761692,0.00020208349335099147,0.8818206072651421,6.484563528389307e-24,0.11609152166803363,6.123311430247875e-12
AACGTGATGAAGGACA-1,0.9999999380403292,5.4090020714343174e-08,1.362758191064863e-10,5.0708364990518595e-09,9.601536841559698e-26,2.6624772573511012e-09,6.066225932916757e-14
AACGTGCGAAAGTCTC-1,5.177498266195779e-06,0.6830084151932065,1.5186436230001483e-05,0.24232207474871406,1.0429659674029555e-25,0.0746491461235828,2.777580734394213e-16
AACGTTATCAGCACCT-1,1.8084153779674965e-11,0.001994907677447089,6.455407679350595e-07,0.5814907287952623,8.980912354614656e-35,0.41651371796842396,1.4621304295912568e-14
AACTACCCGTTTGTCA-1,7.422351591533968e-09,0.010610648364785157,4.24567551668963e-05,0.05267204414681618,4.1399996668050504e-26,0.9366748433097826,1.0975531689007956e-12
AACTAGCGTATCGCAC-1,0.9999822892544584,1.744618695901208e-05,1.681363872378757e-10,2.6036359052839253e-07,2.476285273306856e-26,4.0268557841413965e-09,6.47190907660821e-18
AACTAGGCTTGGGTGT-1,6.405204698976738e-11,5.945929659722486e-06,0.24499549886837876,0.0023856784969281514,6.662811112409023e-14,0.7526128766322792,8.635394352269786e-12
AACTCAAGTTAATTGC-1,1.6328465033083449e-12,0.006759202079770435,6.8561745963966e-06,0.3598316005888075,7.829573459297954e-28,0.6334023411551802,1.2566125009312134e-14
AACTCCAGAGCGTGTT-1,1.5375264817594765e-11,0.000595013011123947,3.2793026466593158e-06,0.044365317854399046,1.2124595513736756e-28,0.9550363898164551,7.452153342258716e-17
AACTCCTAATCCCATG-1,0.9999718554738327,2.8104001153911975e-05,2.376846119327853e-10,1.6809871466175973e-08,5.197437304524013e-29,2.3477457307600418e-08,2.6581411279192852e-20
AACTCGATAAACACGT-1,0.8182619138712345,0.0033282560332056465,0.12363937883403882,0.0019497684703775025,1.5714127140624778e-15,0.05281536908367448,5.3137074674722816e-06
AACTCGATGGCGCAGT-1,1.993562040175521e-06,0.9922235466539595,1.2075176253054338e-09,0.007347246424039368,6.289472749322813e-34,0.0004272121524435222,1.5724222151179195e-21
AACTCTCAATAGAGCG-1,1.5187707230693833e-08,0.9245242421793888,8.112782920958613e-07,0.03668747502175284,3.0624116686692727e-30,0.03878745633285905,7.135874372421846e-18
AACTCTCAGTGTGCTC-1,1.9300954886112864e-08,0.0002671263831467036,0.9945505084047288,6.386073832233792e-05,4.474434734651702e-09,0.005118144247294216,3.3645111829525017e-07
AACTGAGGTCAGCGTC-1,8.499647177387895e-08,0.9981262210377082,1.4521914085084357e-08,0.0005797545797224265,1.0553372290313932e-32,0.0012939248641833747,2.9769113969336435e-16
AACTGATATTAGGCCT-1,5.945796332632227e-05,0.9997742772030489,8.399568791242628e-09,8.833355999468003e-05,1.1436611207345754e-30,7.792287406107478e-05,2.820272863675745e-19
AACTGGGTCCCGACGT-1,4.643895432590346e-07,0.9873212125858912,2.087967829170158e-07,0.008065195507953999,4.866644088531381e-30,0.004612918719828516,6.033147732459541e-17
AACTGGGTTCGAGCCG-1,0.2899190923494092,0.6495704818644107,1.4425756957604514e-05,0.002961927018104431,1.693275180388732e-28,0.0575340730111175,5.335986546501804e-16
AACTGGTGTGGGCCTT-1,0.1054340044898176,0.8931741851940749,1.6863913651808188e-09,0.0013702143581574083,3.7230399295663924e-30,2.1594271558766776e-05,3.204559587083609e-17
AACTTCTGCGTCTATC-1,5.197524134948724e-10,0.01720027417246344,8.285331401008357e-06,0.47494659526114386,5.9773428693847185e-31,0.5078448447152386,6.44512644695529e-16
AACTTGCCCGTATGCA-1,4.7211355545841734e-07,0.08735224448874128,1.4016011203578277e-06,0.8387559579297401,5.030925612761394e-29,0.07388992386611884,7.239956859882949e-13
AACTTGCGTTCTCGCG-1,5.923281712912535e-09,0.08123828344821403,9.769482638302877e-07,0.647493810386735,6.005596942554646e-31,0.2712669232935054,4.0839688003930666e-18
AACTTTACGGGAGCTT-1,1.655626413289864e-11,0.00679707657649106,4.095215887390122e-05,0.13749392898658472,7.164401989898258e-26,0.8556680422614926,1.3140453368677023e-15
AACTTTAGCTGCTGAG-1,0.9999988900929337,1.1087372131533276e-06,8.77329503279726e-13,1.1029946381943252e-09,1.0120775598705907e-30,6.598116505409504e-11,8.275473672004136e-21
AACTTTCTCGATCATG-1,0.0013477583923689055,0.646726868304713,4.447122466281689e-06,0.28023325840303603,5.310747943399179e-26,0.07168766777739319,2.2539793214659226e-14
AAGAAATCACCAGATT-1,0.9997794285590363,0.00022051016208313873,1.541697724621161e-09,2.2547522776325195e-08,4.599647561295747e-26,3.718966005605873e-08,1.2408738368443392e-21
AAGAAGGATCAGTTAG-1,1.3170409563066525e-05,0.762771966965799,0.0004989454105636832,0.17106548347454645,8.271526546351141e-21,0.0656504337395025,2.530501718594884e-14
AAGACATACGTGGTTT-1,1.7789739144151168e-10,0.007332083533579589,0.00021954590977016865,0.027635493005719828,1.795245945617189e-25,0.9648128773719788,1.0541320854310721e-12
AAGACCCAACTGAACA-1,2.2625960078310222e-09,0.07776315747054639,0.0024697579071045594,0.017845920819710225,1.1778097949524046e-22,0.9019211615219043,1.8138573488803922e-11
AAGACTAACCCGTTGT-1,4.254008224216225e-09,0.9999044956876623,1.9582028101009667e-08,5.998529449696669e-05,1.233508218390474e-29,3.549518180428366e-05,3.272268476705519e-17
AAGACTCACGCCCACT-1,6.445809924306496e-07,0.9994829171194659,4.814810426580794e-08,0.0001114690740318239,7.01419050671093e-30,0.0004049210774055716,1.0404015033351844e-16
AAGACTGCAAGCTACT-1,2.295542539270816e-13,0.0025198830956512084,4.9668283731616945e-08,0.49541181540995005,1.5416070236619815e-34,0.5020682518258854,1.6701852910495634e-17
AAGAGATGAATCGGTA-1,1.2773426829582788e-08,0.05095879040334286,1.1298318518332684e-05,0.5263996039421173,3.209469646823399e-27,0.4226302945625931,1.6738878203038557e-15
AAGAGCTCTTTATCGG-1,1.1088031970360231e-07,0.4924734407091972,2.43137010617798e-06,0.4485870668710809,1.3683257586607193e-27,0.05893695016929595,2.2382576179350352e-17
AAGAGGATGTACGCGA-1,3.7111597981327664e-11,0.000934802271737415,8.688537097325706e-05,0.7011057885131277,3.768769195436636e-25,0.2978725238049529,2.0970889385288116e-12
AAGAGGCATGGATCGC-1,6.394913867263511e-09,0.1671598073155395,1.06655066709692e-06,0.481448863666662,5.998856694200178e-30,0.3513902560722174,2.169044872508111e-16
AAGAGGCCCTTTGGAA-1,5.707296177142705e-09,0.003727560955853071,7.299881075238267e-06,0.026809925421971307,2.102215568373221e-29,0.9694552080338039,1.785845495053457e-16
AAGATGGCACCGGACC-1,1.5069102542427403e-08,6.107475247874028e-06,0.9883235558747282,0.0005041966977120436,1.912925114393898e-12,0.011109860069076867,5.626481221966152e-05
AAGATTGGCGGAACGT-1,4.488524251532003e-09,0.9969065964490289,3.638516054694933e-07,0.00229436860201087,5.20646063710973e-29,0.0007986666088273125,3.166136960518691e-15
AAGCACCCTGCGTATC-1,4.189031503426319e-12,0.00046543103693310386,0.11899229392756125,0.005344812827187072,8.193227167806422e-18,0.8751970751617403,3.870423892491709e-07
AAGCATACTCTCCTGA-1,1.8009115820306602e-08,0.00028425301958886454,0.001708020682591811,0.021100342095705823,2.0871805562472774e-22,0.9769073661770501,1.5947420516468143e-11
AAGCCGAAGCGGTTTA-1,1.609236672832048e-11,0.15393233864845562,8.415064881594807e-06,0.10128089288144564,3.5965494551776217e-29,0.7447783533891078,1.706302122686064e-14
AAGCCGCTTTACCTTG-1,0.9999999999982399,1.7601583465676978e-12,2.9881588418682998e-21,6.558022624891085e-18,1.4891474612331614e-39,4.695481968679644e-19,5.319981325269273e-27
AAGCGCAGGGCTTTGA-1,8.349655121450118e-07,0.019296492956924274,0.001331383459939992,0.003040499056780497,2.667701081789379e-25,0.9763307892221772,3.386661210184837e-10
AAGCGGAGTGCGCGCA-1,2.342788119077394e-05,0.9992325026247632,3.531007131755329e-10,0.0006139505562934918,2.4894099744593427e-34,0.00013011858465186374,1.089194340714219e-19
AAGCGGCGTCATGGGT-1,0.9999985558096844,1.4319634810634864e-06,5.291066405825288e-10,2.9831230054419216e-09,3.12433872070423e-26,8.714604351560378e-09,5.121674508979003e-16
AAGCGTCCCTCATCGA-1,0.008086623026631441,0.00035426068415129406,0.938943029343494,0.001829300448951626,1.7941619209394865e-11,0.05078568366243942,1.1028163904570204e-06
AAGCTAGATCGAGTAA-1,5.943252358637539e-13,0.0002284643475401823,9.84725445079613e-07,0.1201554311360299,3.9183839071929907e-31,0.8796151197903904,1.4319565336865374e-18
AAGCTCGTGCCAAGTC-1,3.0567429660106685e-08,0.03809218672144678,1.0874631237507165e-05,0.270388679377669,6.735921365266914e-28,0.691508228702198,1.9013456635657092e-14
AAGCTCTTTCATGGTG-1,1.3909574630897537e-08,0.0001342498609397977,0.00019360903142706963,0.034610626361007854,1.8193265745698286e-25,0.9650615008335784,3.4722493444774958e-12
AAGGAGAACTTATAAG-1,0.9999989558728501,8.822132658400413e-07,1.7987254133467804e-08,1.2434539931875992e-07,4.792557455586252e-26,1.9461210144193693e-08,1.2002022043217805e-10
AAGGAGCGGTTGGTGC-1,5.334831287061242e-07,0.005164494993553144,1.1840825161052422e-05,0.8200167628792989,4.964445943914813e-26,0.1748063678188361,2.2105600464854372e-14
AAGGATCGATCGCTTG-1,6.123039996650883e-09,0.965788632191052,1.5226119059837417e-06,0.013952482068027029,5.799318084701155e-28,0.020257357005973625,1.2588918273704605e-15
AAGGATGAGGGACCTC-1,1.276589313889457e-09,0.9960084607404383,3.3909908252167496e-05,0.0006897299220077519,3.262458423675844e-24,0.0032678981363816187,1.6331098024049447e-11
AAGGCAGGCTGTCTCC-1,1.1344458528938177e-05,0.12094978916371148,5.665620264001222e-07,0.29724853369904625,2.6793412338599807e-33,0.5817897661166869,7.509073808372264e-17
AAGGCGCGTAAAGCTT-1,1.2983388631698884e-09,0.008869209534332413,4.1370704740926313e-07,0.9083799743675892,3.441016859527805e-31,0.08275040109269194,2.319091058425249e-16
AAGGCTGTGCTCATCG-1,2.3608930015194473e-07,0.016484350942390112,2.3306438084290046e-08,0.9153590644466582,8.11508987048204e-34,0.06815632521521353,9.541772868596077e-19
AAGGGACAGATTCTGT-1,0.07121288989030347,0.9286840699609267,1.038956443977459e-06,6.967135633772279e-05,1.2002673858650042e-24,3.232983596232423e-05,2.5674592605985024e-14
AAGGGACTATGCATTC-1,3.7397839794299916e-20,7.916780659623039e-18,5.392658551860578e-05,2.0251844686016056e-14,0.0003049177069280505,3.641534243661774e-12,0.9996411557038914
AAGGTATCCTAATATA-1,2.353022754461354e-05,0.9910338262080545,2.8365214910268256e-08,0.007624171054973224,5.853525665099754e-30,0.0013184441442127919,4.245191909020225e-19
AAGGTGATAAACCAGC-1,1.6043161220448175e-08,0.17489188626620897,6.0798742217414546e-05,0.04031675071792428,2.4013580621044565e-27,0.7847305482304584,2.955199181989375e-14
AAGTAAGCTTCCAAAC-1,0.8829364764930012,0.11672136028995915,3.1249022687426146e-06,0.0003177648524783315,9.43347897574992e-22,2.1273460322149387e-05,1.9704580399627277e-12
AAGTAGAAGACCGGGT-1,7.946527846786618e-11,0.2985056148499221,7.091530018371662e-08,0.4372267919848754,3.095092397260134e-34,0.2642675221704371,1.498119151729172e-17
AAGTAGTGACGCGAGG-1,5.7934071732440984e-08,0.00804807993419728,1.8472177349107454e-05,0.5624766320478021,7.588457858556594e-28,0.4294567579065776,2.161033016678973e-15
AAGTCAATTGTCGTCA-1,6.266473286794916e-07,0.044155818271172806,6.477107138338279e-06,0.16085147144008358,1.4086570193415178e-29,0.7949856065342766,5.579135004034787e-17
AAGTCTAGTAGCTGCC-1,0.9999910060841792,8.987625036739551e-06,7.991200397264243e-13,4.117631932384046e-09,9.635329527612497e-35,2.172353206527963e-09,3.7916565980275745e-23
AAGTCTTCTGTGGCCT-1,6.5541454633777e-08,0.050607375854967114,0.00018719142789380103,0.0322791377071071,4.2053299051710266e-29,0.916926229468577,4.3050096549125546e-16
AAGTGACGACCGAATT-1,4.414863662188693e-11,0.00013859066577367102,0.0003582159299810695,0.09318866376661034,9.294075809175262e-24,0.9063145295755727,1.7913519017674147e-11
AAGTGAGTCGGGTTTA-1,1.6590204636131327e-09,0.0002901113799271823,0.01422150011519453,0.0038508143013642744,8.584455925640286e-21,0.9816375684249458,4.119547705717199e-09
AAGTGCAAAGGTAGAC-1,9.639613306994947e-10,0.0012664538851033034,0.00014446708407095445,0.10857572873109636,8.403826805623268e-25,0.8900133493357453,2.2729788012266558e-14
AAGTGCCTTGACTGTA-1,2.5092890198784484e-07,0.23957932218121022,2.2319821240780777e-06,0.3336878364026109,4.651986564619347e-30,0.42673035850515273,2.73107856855407e-16
AAGTGCGTTAGAATCT-1,4.728516138315407e-06,0.601091073100101,2.1555499170065223e-05,0.09305442391432699,6.960159749407705e-29,0.3058282189702486,1.503164160257534e-14
AAGTGCTTCTCTATTG-1,4.236888140024988e-11,2.1145832277522013e-13,0.07686619942702892,1.0128279313064697e-12,0.0046343355393088665,8.596702666346198e-10,0.9184994641303988
AAGTGTTTGGAGACGG-1,3.0170089317057344e-11,0.005481450360669607,4.797313357295605e-05,0.029479273422289235,1.4870830422136546e-26,0.9649913030517875,1.510640458560652e-12
AAGTTCACTCCAAGCT-1,2.0553725483898132e-09,5.698781128166021e-05,0.0001976822869688846,0.03445202027537641,3.483309037228453e-25,0.9652933075609982,1.0002375786960243e-11
AAGTTCAGTCTGCGTA-1,0.9999994095880542,5.68957222995113e-07,1.6873601229695522e-11,1.4903990395555022e-08,4.527290364248691e-29,6.533858950430318e-09,2.283479276577551e-19
AAGTTCGGCCAACAGG-1,8.871378834885254e-08,0.0031102821377293217,0.0018082438190184173,0.07440920604129041,1.6339870575047907e-22,0.9206721775862706,1.7019028263107063e-09
AAGTTGTGATGTTATA-1,1.3860828522193978e-10,0.0003249457221243273,1.3832437656528545e-05,0.005027138573936862,2.8567713168244285e-28,0.994634083127667,7.131439177899216e-15
AAGTTTACTAATGGCA-1,0.9999872812181332,1.053298362055226e-06,1.0020760130991764e-05,2.0782272010122614e-08,7.772896069180276e-20,1.606518682479753e-06,1.7422419264438928e-08
AAGTTTATGGGCCCAA-1,7.297951897508851e-09,0.0003909931151893881,0.13509779178581025,0.004586091918073391,1.4429521752127088e-15,0.8599251147578304,1.1251432521707464e-09
AATAACAACGCTCGGC-1,1.539744080081273e-08,0.00044849553648405687,0.05396512625581331,0.22791627353534077,3.856473998356936e-17,0.7176700879851015,1.289819502266929e-09
AATAACACTAGAACAA-1,1.1649345406566274e-11,0.00021049460625356296,3.0606701793020766e-06,0.09938569820555826,5.549617787229021e-29,0.9004007465063595,7.122307085346217e-17
AATAAGTCCTCGAGAC-1,0.9999959040773628,3.856542569969047e-06,5.271213398685977e-09,9.604987576387598e-09,4.2512194558717395e-29,2.2450335426031882e-07,5.117257024322352e-13
AATACAATGTTTCAGG-1,2.2539481965200122e-07,0.6503756292987041,2.15173313719451e-07,0.19369486614231202,1.4999800976674531e-31,0.15592906399085074,2.2781323914928995e-18
AATACCGGAGGGCTGT-1,2.4592000059836204e-31,3.0263403930924516e-32,4.839626392411427e-15,3.100234028658113e-31,0.9999999999999782,1.0419217890561474e-27,1.6982117311595518e-14
AATACCTGATGTGAAC-1,3.0650321638789913e-10,0.001324579888617747,0.0013145873294546746,0.036837977540080884,9.823065493808841e-23,0.9605228549347808,5.626302976544417e-13
AATAGAACAGAGTGGC-1,9.623281029585974e-06,0.00376229519088725,0.01864376468140617,0.010038467876204653,1.7082429089093146e-20,0.967545843859131,5.111341312737275e-09
AATAGAATCTGTTTCA-1,2.601629298165872e-10,0.13666217296627275,3.096997160185622e-05,0.044685335236534715,3.492556942464458e-28,0.8186215215654261,1.6962832924400829e-15
AATAGCAAGCCTCCTG-1,6.557072140280321e-05,0.9849169656829182,3.61341244668067e-07,0.003685452782504908,1.9950778982925113e-31,0.011331649471928629,6.451306379916312e-16
AATAGCTACCGCGTGC-1,0.9999976114668895,2.486711781673605e-07,3.074043699224152e-08,5.125826386911831e-08,1.5945921311457615e-28,2.0578632075609673e-06,2.4192549823069518e-14
AATAGTCCGTCCCGAC-1,1.7598820918231738e-12,0.00024257433188671682,0.0001270808932290297,0.008231316237821319,6.178085510109908e-26,0.9913990285352712,3.188073933577084e-14
AATAGTCGCGAGTCGG-1,6.414994618549682e-09,0.03956083924551483,0.0001778008636058917,0.047297227670279426,2.784357459111326e-26,0.9129641258056035,1.9042265411020225e-15
AATATCAAGGTCGGAT-1,1.4038211070065456e-08,0.9965959749552924,1.488182072816629e-08,0.003109402431088293,1.0757154144750538e-29,0.00029459369358754314,8.63216941243822e-19
AATATCGAATCAATGC-1,2.4076185553546833e-10,0.8277791590421819,2.0539240057055053e-07,0.041584799078916206,3.886474539601972e-32,0.13063583624573955,5.145407147516488e-17
AATATCGAGGGTTCTC-1,4.047796973319264e-05,0.9935812266950592,3.557534784899951e-08,0.005142661043795096,9.660696592476622e-29,0.0012355987160642425,2.5509888593834023e-16
AATATTGGAGTATTGA-1,4.9485217100737597e-11,0.0006457384355719339,0.0005132959172010388,0.07646163459751344,8.452531635921846e-23,0.9223793309622468,3.7981623545983834e-11
AATCAGACTGCAGGAC-1,1.9267478419622994e-08,0.9871733501755046,4.843333628902346e-09,0.009082341347646478,6.810553856762373e-35,0.0037442843660371017,5.678779836020512e-22
AATCAGGTTTCATTTA-1,1.3580496779798166e-11,6.425565029804074e-08,0.998881476350201,1.5635281947517514e-07,2.5563698292399404e-05,3.5719737169192335e-05,0.0010570195922873639
AATCATGTAAAGACTC-1,1.6848504585140417e-08,0.040452758896986914,3.925395892492493e-06,0.17283011257273995,1.7722298815103405e-28,0.7867131862858762,6.545864947525229e-17
AATCCAAGGGCCTGAG-1,3.027281356556527e-05,0.8492916054418809,4.584030322394488e-06,0.10136513162220359,2.2688631779375096e-27,0.04930840609202713,3.43308390254693e-16
AATCCATGCAAGGGTG-1,2.5408290638507935e-05,0.9428698758895169,1.252794680163903e-07,0.05239126060663796,1.466677805187066e-29,0.004713329933738554,1.8812656559044512e-16
AATCGAGGTCTCAAGG-1,2.3101591652401835e-08,0.0014929047999774122,0.018067618567729885,0.02526773323890159,3.361201450301032e-19,0.955171720271726,2.0073529323143877e-11
AATCGCCTCAGCGCCA-1,1.1976650270620312e-10,0.008794066866838366,8.745539671499814e-05,0.3716685180202705,1.5956117372508116e-25,0.6194499595963875,2.1947697246600054e-14
AATCGCGCAGAGGACT-1,1.4985652398014585e-10,0.44748818980359617,6.434125660538637e-06,0.01751149011744483,4.3227937129141154e-29,0.5349938858034123,2.959721972003423e-14
AATCGGGACACTACGA-1,0.9999999999838565,1.6134647527540873e-11,7.310919321974125e-19,8.59629791065616e-15,1.838975556406474e-37,2.2475280953311183e-16,3.4655843123849767e-28
AATCGGTATAGCCCTC-1,7.604127135709722e-10,0.0012403594129811667,0.0056585328472757,0.05062308799885164,1.3320177220971535e-20,0.9424780143761545,4.604324117784243e-09
AATCGTGAGCCGAGCA-1,4.4455680856271415e-10,0.0003039474597998308,0.012210058730023898,0.008446931257746716,1.5218662015569647e-21,0.9790390620328375,7.503505238512368e-11
AATCTAGGTTTACTTG-1,7.906469503200748e-13,3.4236154682474033e-12,7.044459145573706e-08,3.6078592182829907e-13,4.009957946169238e-18,1.3753230492585562e-11,0.9999999295370804
AATCTATGCCGGAGCC-1,0.9999889677443148,9.719833727725356e-06,8.920066598657462e-10,1.6004302299080117e-07,9.290700722222557e-34,1.1514869277387603e-06,5.721834549824865e-20
AATCTCTACTGTGGTT-1,7.890356106105132e-10,0.0025874635771256493,6.293661608068569e-05,0.07639272639512035,1.9717708011092626e-26,0.9209568726225593,7.829232640010092e-14
AATCTGCGTTGGGACG-1,1.2845950661948043e-08,0.9997098792370464,2.6201408481482024e-08,8.015843806505763e-05,3.857424779636206e-31,0.0002099232775294577,2.9781105923560104e-19
AATCTGGCTTTCTAGT-1,1.2061977745245804e-08,2.377811720520511e-06,0.9813852824854633,1.3190707679180678e-05,1.4414431963272705e-14,0.018442937694601508,0.0001561992385433702
AATCTGGGTAGACCCT-1,0.0008706322921625696,0.9875267560429694,0.00011340330788897247,0.0038032381994730522,6.011279509387773e-22,0.007685970074559223,8.294678916354721e-11
AATGACAGCAATGTCT-1,1.3331921969758746e-07,0.00032671807526905806,0.05347891120740474,0.008982156910733707,5.47639699483337e-19,0.9372120801499838,3.373891173304444e-10
AATGACGTAGGATGTC-1,1.6090208206651474e-05,0.8529217155739497,3.7831209043044076e-05,0.09604853814708698,3.879541605755562e-24,0.050975824853189036,8.524709230593389e-12
AATGACTGTCAGCCGG-1,4.249200437028341e-08,0.050179439289855396,2.0695601599739452e-06,0.7824483613753433,2.0746302964145285e-28,0.16737008728263622,8.250124954590492e-16
AATGAGTTCGCATATG-1,1.5007071583153303e-07,0.2907773670624541,1.785894161835568e-08,0.6791506969400092,2.7094068489545163e-32,0.030071768067879267,2.042211903959298e-18
AATGATGATACGCTAT-1,0.6218165532877297,0.37815917553936373,2.4599464483609732e-08,6.817916656115946e-06,7.567673022432644e-29,1.7428656786196633e-05,3.9029295074592604e-17
AATGATGCGACTCCTG-1,0.999999999942401,5.660484644913627e-11,2.374451740556597e-20,9.569254107238982e-13,4.577067490705333e-45,3.715894641935521e-14,3.33635174971695e-31
AATGCAACCGGGTACC-1,8.724495520404682e-06,0.8706717635468394,8.550934765755868e-06,0.11792838978411858,4.486271662418365e-25,0.01138257123827662,4.793918768308691e-13
AATGCACCAAGCAATG-1,0.9999999994285342,5.7145762933398e-10,2.3085639839915844e-19,6.595698411777094e-15,7.625978908759359e-40,1.5106490456520854e-15,1.4736119786560467e-29
AATGGCCGCCAATGCG-1,6.433193366722569e-09,0.9698290019993837,1.8639539707123527e-07,0.003486640544888731,1.1346484606222284e-31,0.0266841646271369,3.997183567096413e-18
AATGGTCCACCGTTCA-1,3.463724662544286e-09,0.1637944245981596,6.015348956312612e-05,0.18343554692461547,3.1326343398020274e-26,0.6527098715238834,5.37670733851926e-14
