,0,1,2,3,4,5,6
AAACAAGTATCTCCCA-1,4.7207789612173004e-07,0.3842301575056475,5.418598052069826e-05,0.6111513892237713,3.339613071345877e-22,6.8263952139431776e-46,0.004563795212164489
AAACAATCTACTAGCA-1,1.4631919712143427e-08,0.00031289868594789103,0.999489118154278,0.00018632869034044628,2.7868589802969638e-21,1.226318870424392e-41,1.1639837513863784e-05
AAACACCAATAACTGC-1,5.010737857704771e-38,8.199020132110245e-54,2.324533053804721e-52,8.280674054983134e-55,7.941472708920651e-12,0.9999999999920586,1.0516057312007177e-48
AAACAGAGCGACTCCT-1,3.3939935411056773e-07,0.11502497507949955,3.2926422192969796e-05,0.8842656155936014,2.897999043347727e-22,4.698905671707215e-46,0.0006761435053520564
AAACAGCTTTCAGAAG-1,0.7638239136163528,0.0025776422799574116,1.6879921984537427e-10,0.00022087846587614914,3.5348360846387448e-12,5.8624526200935824e-34,0.2333775654654796
AAACAGGGTCTATATT-1,0.9761219821484887,5.247490829699101e-11,1.1828902974019059e-14,4.561471886975722e-11,0.023849880633462054,2.3612632768718226e-17,2.8137119947462026e-05
AAACAGTGTTCCTGGG-1,8.340855587541049e-08,1.798014995963061e-18,8.253426661761371e-16,5.979830435787521e-20,0.9999999151194513,1.4710176178750215e-09,9.742636055698964e-13
AAACATTTCCCGGATT-1,1.6789401921397636e-06,0.7313512533162663,2.6278987059235617e-06,0.18939141147518732,2.8172397009865195e-21,1.9789219545290554e-44,0.07925302836964829
AAACCCGAACGAAATC-1,4.466282070730789e-08,0.005121880222293756,6.346708051402821e-06,0.9948247875557225,3.418136330552799e-22,1.3544938241936756e-44,4.694085111151624e-05
AAACCGGGTAGGTACC-1,0.9996993305111574,2.1701478219186212e-09,3.833258857170412e-07,2.026164053391799e-11,9.618079136869446e-09,8.943754198544016e-28,0.00030027435446838656
AAACCGTTCGTCCAGG-1,4.4231528902620305e-26,8.439113577296003e-40,2.049894486232494e-39,1.4631680968478326e-41,7.342931827159775e-06,0.999992657068173,7.5861956440755175e-34
AAACCTAAGCAGCCGG-1,1.4790339948228327e-05,0.39613396859403405,9.402820708618668e-08,0.003530195803614842,3.8369896766058815e-19,2.630772043021939e-41,0.6003209512341959
AAACCTCATGAAGTTG-1,0.045073025989969734,0.0005447857983528237,1.9457085452380063e-06,2.931484619353644e-06,1.3728078925240645e-17,2.3330666539342492e-42,0.9543773110185128
AAACGAAGAACATACC-1,6.432900240361184e-08,0.011382046950928931,5.362222304692442e-06,0.9885631034653318,1.8520799652428795e-22,7.137263553902489e-44,4.942303243215944e-05
AAACGAGACGGTTGAT-1,0.2535370365216416,0.0015785907040575162,3.582583841698426e-11,8.316198473611122e-06,4.941269096235228e-11,1.2495924171658039e-31,0.7448760564905887
AAACGGGCGTACGGGT-1,0.00014589343707526443,0.6563682360727104,2.1626807394566507e-05,0.24277784935447608,8.963422692691288e-18,2.5866902946750672e-39,0.10068639432834375
AAACGGTTGCGAACTG-1,0.4224559168799126,0.006355495634177526,1.3303705983082836e-07,0.0010674236660527777,1.476453949079786e-10,9.941472512006307e-33,0.5701210306351517
AAACTCGGTTCGCAAT-1,0.00827842500314878,0.02803638278067227,2.8367045132163464e-08,6.753024517879754e-05,5.823679343892759e-14,3.066798609746208e-35,0.9636176336038967
AAACTCGTGATATAAG-1,3.7213005166051625e-11,8.624371917165595e-05,1.2443029850949905e-06,0.999912293482303,3.965907873946448e-29,1.1163892520729398e-53,2.1845832717433016e-07
AAACTGCTGGCTCCAA-1,0.48003194896385426,0.0005879020317776374,4.15668123163155e-08,1.7703298792100463e-05,7.30897339884213e-12,1.3290374958138696e-34,0.5193624041314548
AAACTTAATTGCACGC-1,6.163040968041409e-24,1.55810513809655e-37,2.1688981356665512e-35,1.9092611736857254e-39,0.0008104540825248962,0.9991895459174751,3.638402352247682e-32
AAACTTGCAAACGTAT-1,0.9954168729202686,4.114953528557247e-09,4.503226539107998e-07,4.79551750924803e-10,4.702100994526811e-09,5.4910570193651434e-31,0.004582667460471419
AAAGACATGAAGTTTA-1,2.0581797667413923e-09,8.922622673298048e-05,0.44371216839840344,0.5561981375482361,1.4950632541226706e-21,1.3539263089278203e-43,4.6576844788914885e-07
AAAGACCCAAGTCGCG-1,5.714079728376541e-10,0.0037597819516475956,0.00011166968514356327,0.9961052291471194,3.671152501786476e-26,5.932946452147227e-50,2.3318644681465664e-05
AAAGACTGGGCGCTTT-1,2.7123260151773945e-08,0.9715969925544206,4.150587251644948e-08,1.466925383213463e-05,7.7377115257994e-25,1.1745716523813964e-49,0.028388269562614626
AAAGGCCCTATAATAC-1,1.2309219716009799e-28,9.167079794025249e-42,6.641804872347368e-42,1.3880481524395679e-43,2.3513012278476555e-07,0.9999997648698773,2.0547504179230777e-37
AAAGGCTACGGACCAT-1,0.9576220211335549,1.5695306342699168e-05,3.140094603822924e-11,8.668738758063326e-07,5.871310886124659e-08,1.698547276432156e-28,0.04236135794171682
AAAGGCTCTCGCGCCG-1,0.9991220544879365,1.8304315510459768e-06,5.642507198672007e-08,7.675370194292316e-07,2.087830699020622e-05,2.2292054699557545e-23,0.0008544128114307866
AAAGGGATGTAGCAAG-1,0.00021390169302349835,0.0018513015538970286,1.880242484967521e-11,4.1067479674652417e-07,5.9324385141123824e-18,4.266340332055829e-42,0.9979343860594804
AAAGGGCAGCTTGAAT-1,3.3922448274116076e-08,0.9652633940056552,0.0006586979585558893,0.030864771058113836,6.801249650205422e-28,4.119560606981233e-55,0.003213103055226939
AAAGGTAAGCTGTACC-1,3.59831628889907e-10,0.0005795211541355357,0.0012722587682520998,0.9981472300492744,2.498489312440701e-22,5.963793134268807e-44,9.89668506135156e-07
AAAGTAGCATTGCTCA-1,6.208525820706599e-25,2.695761094280051e-37,3.120442604051785e-38,8.011168112028259e-39,2.748208455871472e-06,0.9999972517915441,1.8148444114714818e-33
AAAGTCACTGATGTAA-1,1.0315526124240979e-08,0.9640919156865556,7.528921690373703e-06,0.01519165283382551,3.0983907933872343e-25,4.621224245109887e-49,0.020708892242402355
AAAGTCGACCCTCAGT-1,0.0005957656099071116,0.004982407933001974,1.3601645402979506e-08,6.341630796992758e-06,2.329294129789936e-16,6.410277726873711e-38,0.9944154712246484
AAAGTGTGATTTATCT-1,6.5048617748568e-07,0.982588391753063,4.614878398448161e-12,0.0010244784785093033,4.786274206921307e-23,5.767802173121859e-47,0.016386479277635216
AAAGTTGACTCCCGTA-1,1.6583576132928542e-07,0.9720816097872567,4.214729467622875e-10,0.00034559257692699525,1.3614868816754979e-25,1.142929547753345e-50,0.027572631378582
AAATAACCATACGGGA-1,1.8653572093768068e-08,0.9844926265741681,4.052226611132178e-08,0.013755587659123547,6.325091421148849e-23,1.7205434100699728e-45,0.0017517265908698874
AAATAAGGTAGTGCCC-1,8.853532046128724e-10,0.0006518731087451173,4.027828640921256e-07,0.9993471894054685,2.191290840910389e-27,6.623344051668449e-51,5.338175691251856e-07
AAATACCTATAAGCAT-1,0.010242215055725066,0.0010208757001269138,2.2366473818595257e-08,1.583954796009629e-05,1.4806517364047432e-14,1.2461095609905521e-36,0.9887210473296992
AAATAGCTTAGACTTT-1,0.0001655618165953807,0.5907909268541227,1.5781696594124326e-05,0.2745858295500597,5.883783024938751e-17,3.151531185179153e-38,0.13444190008262805
AAATAGGGTGCTATTG-1,0.004322338055923823,0.017760478916330116,1.6296806296316762e-07,0.0005597279786556981,1.728897442003256e-16,3.0520951019273824e-39,0.9773572920810273
AAATCCGATACACGCC-1,1.5084207277778845e-05,0.7422866966630598,2.908818354004666e-08,0.0015750789239122004,8.577434158477889e-19,5.331913543505689e-40,0.25612311111756664
AAATCGTGTACCACAA-1,0.15559743455598002,5.797491728444838e-10,1.5721128112474828e-12,3.957348711142212e-12,0.8444002326619756,4.889396592158731e-15,2.332196760822242e-06
AAATCTAGCCCTGCTA-1,8.191179537137333e-08,0.5930405907312803,1.2862030539413617e-05,0.40591484800439376,1.4932490250501132e-22,1.7120814018771327e-45,0.0010316173219911161
AAATGATTCGATCAGC-1,7.70306286853978e-10,4.830193787483714e-05,8.895911164977318e-06,0.9999425766338259,4.492667014470268e-25,9.424232272849763e-48,2.247468282088051e-07
AAATGCTCGTTACGTT-1,3.5650187350535496e-05,0.7938694048619505,0.00027138388779975807,0.17616373333914628,1.8652681324162983e-20,1.0530046350007916e-43,0.029659827723753036
AAATGGCATGTCTTGT-1,0.00014826652416891997,0.9742685878855001,3.486806875822591e-05,0.007984413119465064,1.931552173146296e-18,3.2324385394224117e-42,0.01756386440210798
AAATGGCCCGTGCCCT-1,2.6658373776725662e-08,1.1064500648696224e-20,3.443902204113279e-21,5.479047437119817e-22,0.9999999731804363,1.6118978814247875e-10,2.6027586418967243e-16
AAATGGTCAATGTGCC-1,0.9913929403756881,2.856902563502426e-07,1.255795357722409e-08,2.172894410811103e-08,1.540700635170406e-10,2.6962168723946923e-33,0.008606739493087759
AAATGTGGGTGCTCCT-1,8.289303210370875e-12,3.9408324792822753e-07,0.999797350892631,0.00020225391769493185,2.4273668077016913e-26,3.779818971644468e-51,1.0981368753635303e-09
AAATTAACGGGTAGCT-1,0.9598874070818619,4.0118762949876636e-06,2.885295167698564e-11,3.2468099625721435e-07,9.670723986279802e-12,4.485875918498302e-34,0.04010825632232317
AAATTACACGACTCTG-1,3.0556264713626836e-09,0.9536857882722144,1.30908630589758e-06,0.04604300742213275,2.799569856098583e-24,1.4842930957515254e-46,0.0002698921637206365
AAATTACCTATCGATG-1,0.0002586478266672632,0.6901126598476278,1.0499582802347312e-07,0.005631614916940452,1.2156008830222502e-17,3.055935339104062e-40,0.3039969724129365
AAATTGATAGTCCTTT-1,1.624427697167707e-29,1.1059340037946133e-44,5.769141678468875e-46,2.562324050634814e-47,8.235362922243357e-08,0.9999999176463709,8.509613607664931e-39
AAATTGCGGCGGTTCT-1,2.180736971123628e-09,3.2409793828174032e-06,0.9999564878963628,3.240369329900489e-05,7.996218094335134e-24,1.4852417696944703e-48,7.8652502184378e-06
AAATTTACCGAAATCC-1,8.674671916662038e-08,0.08528904446110849,8.406041965247098e-07,0.9132235439572631,1.1877641216499735e-22,8.458637449366222e-45,0.0014864842307126883
AAATTTGCGGGTGTGG-1,7.613059912631844e-10,3.094307249996947e-20,1.4987023032860268e-17,8.843442766293564e-21,0.9999970478914534,2.951347240357753e-06,1.0535451622165323e-16
AACAACTGGTAGTTGC-1,0.00616403381297569,0.0001155298803420957,1.2412765118190753e-09,2.062801336923456e-07,7.007608510019284e-17,4.297422552442312e-41,0.993720228785272
AACAATACATTGTCGA-1,3.589195756755222e-30,2.4688242305068004e-46,2.4536682008309986e-48,3.0124669724079515e-49,6.646206883724668e-08,0.9999999335379313,5.2196418678329884e-39
AACAATTACTCTACGC-1,2.6997048406615805e-05,0.024387363851576218,1.0413169252269248e-07,6.174440917428043e-07,1.9770214844970608e-19,4.397677924134989e-42,0.9755849175242329
AACACACGCTCGCCGC-1,8.463392574239518e-05,0.8488023959431296,1.9634466996804872e-07,0.0014454056153631243,1.3313633476377176e-17,8.486915074480577e-40,0.14966736817109497
AACACGACTGTACTGA-1,1.975980175402328e-08,0.9264019020743307,1.9160153262101674e-06,0.07347553332906509,6.715921901463824e-25,4.148239640041556e-49,0.00012062882147611624
AACACGAGACGCGGCC-1,0.9770576623750856,1.1312644692327254e-11,5.108499230474501e-12,1.4403612015152866e-14,0.022912918795318038,1.852971876534509e-18,2.9418813160822055e-05
AACACGCGGCCGCGAA-1,2.8229436777053812e-12,1.5751568354874707e-11,0.9999999850826204,1.4898493319400746e-08,2.1854233293873536e-22,3.8941261660283806e-45,3.117284739389005e-13
AACAGCTGTGTGGCAA-1,7.033846929575532e-33,5.982145854138963e-50,9.79254361532821e-48,1.286630449650543e-50,1.0325108338568707e-08,0.9999999896748916,2.246614699141286e-44
AACAGGAAATCGAATA-1,8.671700952894093e-08,0.8874733115275629,3.6425868897793163e-06,0.09261718829370906,2.721053480780936e-23,3.0074652823342777e-46,0.01990577087482855
AACAGGATGGGCCGCG-1,0.003561825592997639,0.005274847464341163,7.24178324017722e-09,4.726531548891739e-06,3.2790577224859774e-17,9.922220944896363e-41,0.991158593169329
AACAGGTAGTATGGAT-1,2.5775827465368024e-11,5.670552055782503e-05,4.406138188318152e-07,0.9999427498548623,1.0424609602177654e-26,1.3326447659996363e-49,1.0398498531064663e-07
AACATATCAACTGGTG-1,2.5637145194342125e-07,0.9877016780940899,1.3828548799234069e-09,0.001988217588593093,6.959663393110182e-20,1.0935108461323415e-39,0.010309846563010351
AACATCGATACGTCTA-1,5.221106117135419e-05,0.0025396614952059252,0.88301100579776,0.11196747116791572,4.2438572771167355e-15,3.612310887536292e-37,0.002429650477942596
AACATTGAAGTTGATC-1,1.695391191661175e-27,1.2497098555957729e-41,4.550343045788565e-41,1.7089745603784837e-42,1.8051450972549806e-07,0.9999998194854904,7.091120033681884e-36
AACATTGGTCAGCCGT-1,1.1766229679075495e-06,0.002049903793133263,0.7616169578132174,0.23609549903527213,7.900010207277149e-23,9.906591799237751e-48,0.00023646273540915285
AACATTGTGACTCGAG-1,0.9000281251724439,2.2108729201821345e-08,2.700360320685297e-12,2.8378851269343015e-08,0.09955731787761536,7.550358986485569e-17,0.0004145064596600338
AACCAAGACTTCTCTG-1,0.0987612064584064,0.00953659768737625,5.130760621488863e-07,0.00015930412847449152,3.987900922253322e-15,2.2968398232141136e-37,0.8915423786496767
AACCAGTATCACTCTT-1,2.4565277587194315e-06,0.00044248802664294853,0.0013235605387304343,0.9982044535555953,3.838390932941922e-20,9.682226179367483e-43,2.7041351272625975e-05
AACCATAGGGTTGAAC-1,1.461360564232169e-41,1.2558550639639568e-55,5.915155155265806e-56,4.7860636115635434e-57,1.4574414748589586e-14,0.9999999999999853,4.9385594408118076e-52
AACCATGGGATCGCTA-1,3.6796182646122416e-08,0.26338920525904874,1.7049230133502203e-08,0.7321170268557784,6.1907901415617374e-27,4.85152200585841e-51,0.004493714039759903
AACCCAGAGACGGAGA-1,0.0005134723494985062,0.3980135676238106,0.00040141607915039184,0.5159415100861741,4.0371162758465463e-19,5.181949451516723e-43,0.08513003386136642
AACCCATCCCATGATC-1,4.715987893579983e-15,2.331508886814533e-29,3.172204343489406e-30,7.526621935230412e-31,0.9230779800638328,0.07692201993616238,1.642391701856122e-23
AACCCGACAACCCGTG-1,1.7994257063597953e-13,1.8179981619120025e-26,6.108691237305926e-29,8.935336662526294e-29,0.9998843546578875,0.00011564534193256853,6.971051391203223e-21
AACCCGAGCAGAATCG-1,2.175682414461347e-08,2.6911437126861194e-05,0.1077886476863906,0.8921835172800925,2.9016473716505866e-23,3.8946551308950516e-47,9.018395659860145e-07
AACCCTACTGTCAATA-1,8.57113496767205e-07,0.8052629688432357,0.00015867684596568025,0.17603862273333518,6.111862955783288e-23,6.902346284029048e-47,0.018538874463966754
AACCCTGGTGGAACCA-1,8.036984727663468e-11,0.19615922357784468,5.235348296016984e-07,0.8038096578652253,5.0243434877462634e-29,1.3323105771565593e-53,3.059494173055184e-05
AACCGAGCTTGGTCAT-1,0.060993752781918466,1.504863611896685e-06,2.763484525102831e-10,1.5779387787845411e-10,1.4659949345930023e-12,2.741668051426713e-36,0.9390047419188613
AACCGCTAAGGGATGC-1,1.160563976270803e-08,0.9888550871207475,4.242490806264767e-12,1.500121184246817e-05,5.740686653015422e-25,4.067137908685791e-49,0.011129900057527896
AACCGTTGTGTTTGCT-1,3.3966915430316695e-09,0.998409993271129,1.4727828406802038e-10,3.333218282523046e-05,1.797976449478198e-24,2.690100852663046e-46,0.0015566710020759958
AACCTAAAGCCGTCCG-1,1.1363886973268624e-06,0.0007795271237480832,3.6384702099572224e-06,0.9991173692575257,1.622859229493504e-21,4.1991999985140296e-44,9.832875981883681e-05
AACCTCGCTTTAGCCC-1,0.0013410955238199486,0.11787450170584966,1.3465674775959413e-07,0.0009592389046715789,2.9134744882065e-14,3.4481697266587495e-34,0.879825029208882
AACCTTTAAATACGGT-1,0.017888793329495174,0.010612499813302015,2.863273019488513e-08,0.0004683251571003102,2.3028915956906643e-14,4.730456507033102e-37,0.9710303530673492
AACCTTTACGACGTCT-1,7.260153673852957e-07,0.9602031805010619,3.823692643402801e-07,0.000720333428140556,6.1659679687587425e-21,2.7521652923414005e-44,0.03907537768616575
AACGAAAGTCGTCCCA-1,9.553747303620857e-35,1.84462831582956e-51,1.1611554970827473e-48,7.925721989836274e-53,6.984237874343602e-10,0.9999999993015762,3.2139363792580797e-45
AACGATAATGCCGTAG-1,0.04030995418513131,0.0015233514392295371,5.621831549991902e-11,1.1498155043909144e-07,1.4868626770513832e-13,5.70920194181147e-38,0.9581665793377218
AACGATAGAAGGGCCG-1,1.6151957842974612e-07,0.9970720888969115,4.277220183771298e-09,0.0004559413380219663,2.9026405557597e-24,1.2758800095254965e-48,0.0024718039682679977
AACGATATGTCAACTG-1,0.001537268358101754,0.0005920024769013893,1.9949596185096655e-10,6.273467616745535e-06,1.0078730557208865e-16,4.878424810572367e-40,0.997864455497884
AACGCATGATCTGGGT-1,2.185776494515363e-08,0.17722493460338923,2.500800427925441e-07,0.8223855803261632,5.011782140427686e-25,9.087761741475836e-49,0.00038921313263991117
AACGCGACCTTGGGCG-1,0.9988289032421763,7.426840987860784e-07,8.739988695257347e-11,4.1769157884479375e-07,0.00024623920472494347,8.387035945904364e-21,0.0009236970900211828
AACGCGGTCTCCAGCC-1,0.0011505299164564515,0.16587886099173454,4.410908016284312e-07,0.0009553239909011795,3.717339574065944e-14,4.5394649434118627e-35,0.832014844010069
AACGCTGTTGCTGAAA-1,6.652733063388347e-06,0.9643966635506885,4.696172565275621e-07,0.03016885142002143,5.0075595811021315e-20,3.890817117694014e-42,0.005427362678969914
AACGGACGTACGTATA-1,1.979798144860719e-05,0.9014113160972087,1.4075401241918095e-09,6.952436366202265e-05,6.570450689729126e-17,2.2985750833853674e-37,0.09849936015014037
AACGGCCATCTCCGGT-1,3.0504171667088434e-31,6.13921972664708e-44,1.9485779427771428e-47,4.153847241363635e-48,2.2963254795629093e-09,0.9999999977036744,1.8671770099268592e-38
AACGTACTGTGGGTAC-1,6.194755357763549e-17,3.1373131128548356e-31,7.071614635385211e-31,2.4116983636443747e-33,0.7194238957794977,0.2805761042205023,4.6870544987488135e-25
AACGTAGTCTACCCAT-1,0.0002513705099008813,0.005501610683606552,0.981214081018484,0.006804389180514757,2.354769918904339e-15,1.7147561387942338e-36,0.006228548607491396
AACGTCAGACTAGTGG-1,0.013159619951016114,0.09801575877601207,6.803997118870991e-05,0.0025038356226320876,1.136328667488496e-15,1.892149889948667e-37,0.88625274567915
AACGTGATGAAGGACA-1,1.555244059106314e-06,0.8952670511318467,1.3376257221221797e-06,0.08878192224807045,9.084181895293722e-21,3.245784448147235e-43,0.015948133750301786
AACGTGCGAAAGTCTC-1,0.903037600061885,3.9801091172866946e-05,1.1006852075324028e-10,1.4105579895692708e-07,7.761902101646253e-08,1.389897985258694e-28,0.09692238006205352
AACTACCCGTTTGTCA-1,1.1753720998193368e-06,0.0007704306070914694,5.764928585613927e-05,0.9990522262569609,3.7585151194812055e-20,4.305303105395409e-43,0.0001185184779916928
AACTAGCGTATCGCAC-1,2.5408213775731404e-18,8.298203584251938e-12,0.9999997914997156,2.0849198312695306e-07,1.0673544482823905e-29,1.9589514059207132e-51,3.049331099578281e-15
AACTAGGCTTGGGTGT-1,0.9994726684827483,4.108183563073069e-08,2.2779018700096215e-10,6.571718504236186e-11,5.3267965680501364e-09,8.147706269562865e-32,0.0005272848151122612
AACTCAAGTTAATTGC-1,0.999971898610742,1.3536498578135893e-07,1.3847298783058e-10,1.2365263517500333e-10,7.241580139403079e-11,1.8004820263691805e-32,2.796568973083344e-05
AACTCCAGAGCGTGTT-1,7.894498516604646e-05,0.5446555354006065,5.3338691228353625e-05,0.4339479505559244,1.0746887281125936e-18,8.842715742601757e-42,0.021264230367074803
AACTCCTAATCCCATG-1,1.2145966128457343e-08,0.3966707633127913,2.739352973417996e-07,0.6030223286134475,7.602633661428258e-27,4.622321286746783e-52,0.0003066219924976359
AACTCGATAAACACGT-1,0.0017902437114734986,0.013423250711958889,0.09896608588828194,0.8809810558678742,5.046299392707767e-17,7.974652240053009e-38,0.004839363820411464
AACTCGATGGCGCAGT-1,2.826744556110455e-06,0.00041106643658072873,0.9769650859917366,0.022602149178308394,7.270840895421614e-23,5.456586865956929e-49,1.887164881808409e-05
AACTCTCAATAGAGCG-1,5.048425715597951e-06,0.44819309021105097,3.570518777864823e-07,0.0020263101568440485,9.353338605773269e-20,1.9856311940511808e-42,0.5497751941545116
AACTCTCAGTGTGCTC-1,1.4445220469229256e-24,3.7043064760088296e-39,1.4771337675761765e-38,5.79023818509483e-40,5.031766630032716e-05,0.9999496823336996,3.690671261290099e-33
AACTGATATTAGGCCT-1,4.933492354449991e-05,0.20926680975729375,3.863643951193462e-07,0.003257140417881553,2.9283459409126342e-21,2.915742875360203e-46,0.7874263285368852
AACTGGGTCCCGACGT-1,0.0008390069774308386,0.06984764782367246,1.5577041436673106e-07,5.610858627460978e-05,2.7999733664081116e-14,1.0414894802786641e-34,0.9292570808421797
AACTGGGTTCGAGCCG-1,1.402592971545685e-08,0.005076326469886375,2.292666606262129e-07,0.9949211416704917,1.3099313123457845e-25,4.516354792914942e-50,2.288567031594942e-06
AACTGGTGTGGGCCTT-1,2.090094988197295e-10,9.175516249174002e-06,5.916311301830112e-08,0.999990743745244,8.0444730675026e-27,1.9552334886615374e-50,2.1366384252693388e-08
AACTTCTGCGTCTATC-1,0.0006813234748771031,0.11244890365276695,5.71923326786683e-05,0.867766979327502,1.8800950478185566e-20,3.9674225913699354e-44,0.019045601212175238
AACTTGCCCGTATGCA-1,0.009591676045836446,0.03187537981138786,3.0749441059926625e-05,0.0008667303226146885,1.542336227036382e-17,4.83173593656414e-42,0.9576354643791011
AACTTGCGTTCTCGCG-1,4.960577614894429e-08,0.0006465006633882137,0.123879107080154,0.8754429538217171,4.029651352927591e-26,7.016054247480249e-51,3.1388828964709415e-05
AACTTTAGCTGCTGAG-1,5.719009167700142e-10,7.255323014492504e-05,0.8011641690262936,0.1987628630060012,2.1546090940225154e-23,4.083254377192742e-45,4.1416565934205603e-07
AAGAAGGATCAGTTAG-1,1.6185206047554352e-09,9.16655320780173e-05,0.0002779797587910971,0.9996303204081901,1.7373729663273505e-24,2.4159175020415e-46,3.2682420224267076e-08
AAGACATACGTGGTTT-1,0.0038244786335842164,0.033360742992209445,0.00012294262123547015,0.013998977667015775,2.352276252107123e-16,2.297112259282401e-38,0.9486928580859549
AAGACCAAATAACTCA-1,1.6576928328220329e-47,1.0368310532985404e-61,4.9352097641852605e-62,3.958848465346819e-64,9.884105110575928e-18,1.0,1.074601385520663e-56
AAGACCCAACTGAACA-1,0.9949298691010185,2.286784699299188e-06,3.53066382176105e-11,1.6911792861791058e-07,5.725935553760864e-07,1.4979136561372654e-25,0.005067102367491711
AAGACTAACCCGTTGT-1,3.7038972999152987e-09,1.0544174271867895e-05,0.9992795551162358,0.0007097757057618698,3.023635882979832e-23,1.3923964776780922e-45,1.2129983313088044e-07
AAGACTCACGCCCACT-1,3.454778980625583e-08,4.2968286014694214e-05,1.1038464762153322e-05,0.999945391910859,9.862949288089929e-24,2.7159154114452018e-48,5.667905745535761e-07
AAGACTGCAAGCTACT-1,0.9994958983488367,1.625128243869531e-08,5.782584174232885e-13,2.735349454065787e-09,1.6922804104337295e-06,6.036981523189977e-24,0.0005023903835425874
AAGAGATGAATCGGTA-1,0.9737293502177906,0.000745342943059941,3.926798817337193e-09,4.3478446752218986e-05,2.7926449014330534e-12,1.397580230158633e-33,0.025481824462805787
AAGAGCTCTTTATCGG-1,0.02649938389794972,0.0037863377609369357,2.1514325068672416e-08,0.0003197526555633841,1.8478163307915683e-14,1.3955483170310415e-36,0.9693945041712064
AAGAGGATGTACGCGA-1,0.9865631161610166,2.0081099026492156e-06,2.8311982889479174e-08,1.9641180587994657e-06,3.7901517454164316e-10,2.0320136064912617e-30,0.013432882920023736
AAGAGGCATGGATCGC-1,0.06004316633943324,0.000453491977994465,6.128849012200407e-10,1.862175059438378e-07,3.5548244169299833e-12,2.8526432373438073e-34,0.9395031548486266
AAGAGGCCCTTTGGAA-1,8.0238082055523e-09,0.00014762186174021257,9.892781506468886e-06,0.99984163708734,2.2180936133966173e-25,4.55041108910968e-50,8.40245605130508e-07
AAGATGGCACCGGACC-1,7.340600844698484e-25,2.1480835356391977e-40,8.182220558340203e-44,7.341854958940957e-43,2.7144502878069877e-05,0.999972855497122,7.648325193021113e-34
AAGATTGGCGGAACGT-1,0.0005915489539118527,0.1743718787938861,3.9069173465156625e-06,0.021606793747750725,4.913518263944723e-17,4.1570675581824705e-40,0.8034258715871048
AAGCACCCTGCGTATC-1,0.006171227836964933,0.0005761281716419623,1.4128295936199412e-10,1.1908488632767245e-07,1.3235881814504354e-16,6.107027035563584e-42,0.9932525247652237
AAGCATACTCTCCTGA-1,0.5316937809430589,0.00014198837729130788,7.967346676902358e-10,5.592509398406052e-06,6.041607396087797e-13,1.665701141934915e-36,0.4681586373729126
AAGCCGAAGCGGTTTA-1,9.330526675616882e-08,0.025037047575332254,1.0092198624726514e-05,0.9744382016786228,1.1153484031612364e-22,6.4577635827039535e-46,0.0005145652421533642
AAGCCGCCGTGAAATC-1,2.7440992548318607e-39,2.077751929773885e-55,1.8392544988724745e-54,1.2711551001312718e-55,2.4876507251892173e-13,0.9999999999997513,8.998871015543357e-50
AAGCGCAGGGCTTTGA-1,0.003970618807916766,0.007542774184258437,2.307641377230669e-07,1.8085858322119224e-05,1.0249443463638205e-16,8.959834993871137e-41,0.9884682903853648
AAGCGGCGTCATGGGT-1,2.183093063835779e-10,0.0840122093644118,3.9673055209296935e-07,0.9159386207709818,1.7161977998030605e-27,1.346211555179676e-51,4.8772915744972975e-05
AAGCGTCCCTCATCGA-1,1.6523383512200957e-15,6.767798713248054e-28,2.071617093243304e-24,3.006248573399787e-28,0.9943353973437679,0.005664602656230562,3.231327582333149e-23
AAGCTAGATCGAGTAA-1,0.2057902264622163,0.010954250430580839,1.894022599689213e-06,0.010515262782633818,1.774033025737161e-14,2.6599201309849168e-39,0.7727383663019516
AAGCTCGTGCCAAGTC-1,0.2254541704358676,0.011410544850302127,1.657822054932274e-07,5.1028037946205985e-05,5.1239269145742605e-14,1.2701613754283078e-36,0.7630840908936274
AAGCTCTTTCATGGTG-1,0.004112547438096157,0.0045346524581799524,3.7280225538514255e-08,4.804047898368839e-05,1.17890619564678e-15,6.61400632665589e-38,0.9913047223445135
AAGGAGAACTTATAAG-1,9.379978730201356e-15,4.261781764733897e-05,0.29721029276151706,0.702747089259014,5.906586673575629e-29,2.4869947638871954e-49,1.6181230422739308e-10
AAGGAGCGGTTGGTGC-1,0.0472555966704296,0.0960032703029266,0.0010430033950344815,0.0007745851800727336,6.029983129838747e-14,3.2499082660077838e-37,0.8549235444514762
AAGGATCGATCGCTTG-1,4.5648388706797655e-07,0.45042226143147573,2.5603242300581504e-07,0.5414564187531534,5.673985876825997e-23,4.575522204493369e-46,0.00812060729906081
AAGGATGAGGGACCTC-1,3.257553521771718e-05,0.031983509989958046,4.153816104764889e-10,2.2132482871818852e-05,2.8736752020778434e-18,9.4443969046642e-41,0.9679617815765708
AAGGCAGGCTGTCTCC-1,1.03120649354267e-05,0.00184782477371715,1.9161234806437753e-05,0.9981060550311529,1.4333723575812796e-17,1.2917082865037484e-39,1.6646895388099794e-05
AAGGCGCGTAAAGCTT-1,0.005074989423699957,0.5273629589707339,4.819773108577952e-05,0.016498427836684128,3.3315859010555276e-17,7.051419817939469e-40,0.45101542603779626
AAGGCTGTGCTCATCG-1,0.712340478656429,0.0020753799644543714,3.880502011571528e-07,3.614368948566193e-05,3.043501422687071e-10,6.548807384793302e-30,0.2855476093350797
AAGGGAACGACTGGCT-1,2.1515981926046293e-31,3.962581879573373e-46,2.3308279078247766e-46,4.1449336616583544e-48,2.410261235580353e-08,0.9999999758973875,7.3094496258007815e-40
AAGGGACAGATTCTGT-1,0.004405051656258716,0.0063493739894786546,7.213887261893781e-06,0.001305441814068981,1.5616573141541e-16,2.0608818509164828e-40,0.9879329186529315
AAGGGACTATGCATTC-1,4.921389298816833e-35,1.183487338430966e-47,2.786042241241823e-49,8.582492155169907e-50,5.5082538603448255e-11,0.9999999999449174,3.4232061359026893e-43
AAGGTATCCTAATATA-1,0.0023094145833041416,0.000533015039717873,1.330187474461275e-11,5.934715146789973e-07,1.6862607711151272e-14,3.0073255841127758e-37,0.9971569768921447
AAGGTGATAAACCAGC-1,2.2461894039276914e-05,0.4916990382622978,6.853457661917115e-09,0.0017426449420321413,5.2965425718379925e-19,1.1146289978910221e-40,0.5065358480481731
AAGTAAGCTTCCAAAC-1,0.00018757919586201037,0.002976795316168841,0.848472123688197,0.14669258761865095,9.093497990974707e-18,5.481687305913823e-41,0.0016709141811211104
AAGTAGAAGACCGGGT-1,3.8155293050210796e-07,0.9423171337258427,1.3311130324226534e-09,1.554421201586254e-05,1.2227376945336422e-22,3.5464121238789476e-45,0.05766693917809789
AAGTAGTGACGCGAGG-1,0.00010719482203797936,0.9136300090223538,0.001378189272159534,4.45443282707449e-05,9.324106264067337e-20,7.818805571322542e-44,0.08484006255517806
AAGTCAATTGTCGTCA-1,1.4053158676289483e-09,0.6471188863423867,8.454673638411355e-07,0.35252376906735444,1.083029526481552e-25,1.0330158497224709e-47,0.0003564977175792311
AAGTGACGACCGAATT-1,0.9687838502890642,7.171484594729869e-05,1.2279516279530977e-08,6.365496698933707e-06,3.681918889505742e-15,4.644153091300437e-39,0.031138057088769624
AAGTGAGTCGGGTTTA-1,6.695247007241208e-06,1.8210062415198833e-21,1.710234438839865e-24,6.0733002851546814e-24,0.9999933047522809,3.4383715452184986e-13,3.679425668242555e-13
AAGTGCAAAGGTAGAC-1,5.938407481345798e-06,0.932045946861744,0.00022011506738037843,0.02918388708919216,1.108003580574731e-23,6.274269248588136e-48,0.03854411257420186
AAGTGCCTTGACTGTA-1,9.705183217317485e-09,0.7363271584556389,3.0383319041735656e-08,0.26341452332469467,5.290533715435881e-26,3.5775340763271813e-50,0.0002582781311640083
AAGTGCGTTAGAATCT-1,1.4099071472580562e-14,8.89069238015772e-26,5.048531730157268e-22,1.1931911167605817e-25,0.9999227927075074,7.720729247839434e-05,3.092865258016129e-21
AAGTGCTTCTCTATTG-1,2.4412186053130425e-10,6.918050971767308e-20,6.908131093664229e-19,1.0762019041755697e-20,0.9998645287240817,0.0001354710317958655,4.935129897726272e-16
AAGTGTTTGGAGACGG-1,2.7391455801905787e-05,0.020217059493675173,1.997340471118866e-11,1.572687563687979e-06,2.3183257438155527e-21,1.0719796509417584e-46,0.9797539763429859
AAGTTCACTCCAAGCT-1,4.526653589346751e-09,0.9967824374542377,4.4649750177525966e-10,7.354702858997722e-07,3.208303181742158e-25,1.601213971637581e-48,0.003216822102325209
AAGTTCAGTCTGCGTA-1,2.8495063061877386e-08,0.07812673406939437,5.735477675944774e-07,0.921806842244234,1.6234019844697932e-24,5.506695034026063e-48,6.582164354088308e-05
AAGTTCGGCCAACAGG-1,2.1496153664792283e-30,1.7049528698906324e-44,1.3824039261435977e-45,1.688396282707188e-46,2.9073960927303163e-09,0.9999999970926039,1.7640766366571933e-39
AAGTTGTGATGTTATA-1,0.2834045328968242,0.11516967785376413,0.0022501593871174443,0.0623429499233852,9.73443493258357e-13,1.567224587383084e-34,0.5368326799379355
AAGTTTACTAATGGCA-1,3.010225372733856e-09,0.0018021914457412756,7.927530817392837e-07,0.9981955192265278,8.540942813308311e-27,5.712049481554479e-50,1.4935644238286686e-06
AAGTTTATGGGCCCAA-1,0.05262865656596827,7.160866288474422e-05,6.091858084639023e-10,2.7686213894822995e-08,1.702571665325313e-13,1.336962737059656e-36,0.9472997064755769
AATAACAACGCTCGGC-1,0.5864667070014572,0.00026388063244594504,8.700311919578693e-07,4.533202574864654e-06,2.367285558527212e-12,1.2250963275912266e-35,0.41326400912996275
AATAACACTAGAACAA-1,2.570622911180608e-36,2.863094295999786e-53,1.346441188416225e-53,3.5590824850118944e-54,1.482256749587975e-11,0.9999999999851774,5.284759257975239e-47
AATAAGTCCTCGAGAC-1,5.2857363814533664e-08,0.52379134418693,1.1793733560868051e-07,0.47591431182326965,5.2200421937336085e-25,1.2988444294561117e-48,0.0002941731951008184
AATACAATGTTTCAGG-1,1.9484490072984186e-05,0.015230810769575784,0.1681361037375558,0.8069688106989276,3.9512863183850574e-16,4.781382226595208e-36,0.00964479030386732
AATACCGGAGGGCTGT-1,1.5877836851441248e-31,1.3231974675380317e-45,5.608254127344725e-48,1.1434585012660206e-48,3.40350747196297e-09,0.9999999965964925,1.2511307597909847e-40
AATACCTGATGTGAAC-1,4.0144115142473015e-06,0.9144379405334623,0.010083906812202496,0.07233212657331085,5.460942674589189e-20,3.571517156538916e-42,0.003142011669510113
AATAGAACAGAGTGGC-1,7.285353466016413e-29,2.213238372087332e-44,1.1706747300870995e-46,4.522679067793406e-46,1.191662930254133e-06,0.9999988083370698,8.327516278346195e-39
AATAGAATCTGTTTCA-1,4.542581555475644e-05,0.032348814205345335,3.31116237787439e-08,0.0028335924139462217,2.4101306956324823e-20,2.8198495891651614e-44,0.9647721344535298
AATAGCTACCGCGTGC-1,7.704148553580909e-10,3.6198905947514044e-05,4.5196741828124717e-07,0.9999630164050893,4.843896910485245e-25,3.002916688504523e-47,3.319511300527032e-07
AATAGTCCGTCCCGAC-1,0.9999011954740415,3.1244270747499454e-05,9.066010704958456e-06,1.2784572064223365e-06,8.406627272789762e-06,5.984362168908521e-25,4.880916002691213e-05
AATATCAAGGTCGGAT-1,2.1301545106227565e-08,1.5573764138059945e-05,0.9120721750520171,0.08790812699487391,5.619712022582919e-27,1.5397070147423123e-53,4.10288742579477e-06
AATATCGAATCAATGC-1,2.0293256538421407e-08,0.001279287171232852,1.4729667749074513e-06,0.9987004389574081,6.754324788713234e-25,1.1247669017023725e-49,1.878061132745994e-05
AATATCGAGGGTTCTC-1,1.368104259331456e-09,0.6464570357596474,3.57420150141923e-06,0.35220601235240023,1.4992920430589846e-25,5.883444325429779e-48,0.001333376318346822
AATATTGGAGTATTGA-1,0.39707670939897316,0.11034623145208251,3.220616471013584e-06,0.010250718454369414,8.449385807075107e-13,4.3756167558452736e-33,0.4823231200772589
AATCAGACTGCAGGAC-1,9.848896231517559e-10,3.2453367137341364e-05,0.9994327258500388,0.0005348159838849055,4.706835040182328e-23,6.485521521249728e-45,3.8140494835059685e-09
AATCATGTAAAGACTC-1,2.85602504390522e-06,0.682495465133726,5.311388839587124e-06,0.26797934536043966,7.02037063059335e-20,8.216889670308547e-41,0.04951702209195075
AATCCAAGGGCCTGAG-1,2.6354946910093613e-07,0.9624615494442887,1.0723795311757395e-06,0.029608448154629565,6.281594550917618e-23,2.1980865474936145e-45,0.007928666472081217
AATCCATGCAAGGGTG-1,0.05324443611604824,0.0021858830261680734,0.943414874772708,0.00046739912915978477,5.438674796254729e-14,6.5061977537694e-36,0.0006874069558612797
AATCGCCTCAGCGCCA-1,0.0033836723255218095,0.00129982939795698,7.992090419625628e-11,2.3192239730370053e-07,1.0574487256816712e-15,1.2008162453467158e-38,0.9953162662742019
AATCGCGCAGAGGACT-1,8.383103579011475e-07,0.014592013515258937,0.0003928882391409895,0.9847453150657957,9.315056443703401e-20,7.617705488864052e-42,0.00026894486944650125
AATCGGGACACTACGA-1,0.0034657880720096704,0.2646927442095309,0.00012238531880053063,0.7158317828599939,6.721804124063828e-20,4.597375659518631e-45,0.015887299539665
AATCGGTATAGCCCTC-1,4.6174124493091477e-05,0.7031474477065272,0.003390411736113292,0.07794909053088214,1.8165148588949953e-18,2.2406651395578135e-40,0.21546687590198435
AATCGTGAGCCGAGCA-1,1.5598126974736266e-05,0.9876598819626337,1.4567757982565115e-08,0.0015135741183825537,5.584321279651552e-22,5.711325477521442e-46,0.010810931224251185
AATCTAGGTTTACTTG-1,6.919923515686458e-17,1.9131863209049312e-32,5.4951860293123305e-30,1.562475246813931e-33,0.9930319546896315,0.006968045310368559,2.1169464835666214e-25
AATCTATGCCGGAGCC-1,1.6993871183247295e-11,0.004591501432266622,8.308886879616758e-07,0.9954072703517837,9.031616349059131e-29,1.1569103095692025e-52,3.97310268002728e-07
AATCTCTACTGTGGTT-1,0.09936993800565656,0.00010724665470522455,1.5564755442370763e-10,5.032538177754356e-07,7.818846759678868e-17,2.156849785819956e-42,0.900522311930173
AATCTGCGTTGGGACG-1,1.011252300707883e-06,0.7519801228764363,1.189312696912525e-08,0.0007714468979026013,1.2722652443237855e-21,9.77463882549378e-45,0.24724740708023332
AATCTGGCTTTCTAGT-1,5.0955219751013084e-24,1.567877728820809e-42,8.57958215515953e-42,1.818393176240991e-43,0.0015816213810130844,0.998418378618987,3.611293693505348e-35
AATCTGGGTAGACCCT-1,3.0403332179238824e-09,0.001497415850516519,0.0002509483487440546,0.998241455191937,6.780680636428195e-26,2.0980865536540994e-50,1.0177568469285157e-05
AATGACAGCAATGTCT-1,1.8118074140488384e-05,2.411046301738172e-19,8.52453092580778e-22,5.0691302903134174e-23,0.9999818818490419,5.258288485776084e-13,7.629186006683479e-11
AATGACGTAGGATGTC-1,0.009230756109601604,0.23363696227718803,1.1246988425454946e-06,0.00861010797600547,1.5168107663792743e-13,1.2308723570463214e-35,0.7485210489382108
AATGACTGTCAGCCGG-1,0.00010796092278642589,0.009254402939244153,1.1345886451617169e-09,2.770551720117691e-06,1.6625066104172407e-20,5.621651377840071e-46,0.9906348644516606
AATGAGTTCGCATATG-1,1.7759655461506703e-08,0.024973194498055015,0.0019497539573687438,0.9730664726845136,8.561720773653263e-26,3.1982351094677903e-47,1.0561100407130387e-05
AATGATGATACGCTAT-1,1.3366855793822244e-11,0.9999216309017719,8.321363892948225e-11,1.8917336082441667e-05,3.1108982424927702e-28,1.2355262065524861e-50,5.9451665565121825e-05
AATGATGCGACTCCTG-1,5.664749418012191e-10,0.9900644097540661,1.5328465028430353e-09,0.009536882437429771,1.5504490568474493e-26,3.2229496887156743e-49,0.0003987057091826909
AATGCAACCGGGTACC-1,0.29712303236592097,0.0009149090200344136,7.508739403375772e-06,0.00022149570534339493,4.337971859990542e-13,1.3698003394184798e-35,0.7017330541688639
AATGCACCAAGCAATG-1,2.3114336547273888e-10,0.30295439903536125,2.745518509111742e-07,0.6969870610578767,1.3255852635911982e-27,4.900160653672916e-51,5.8265123767949325e-05
AATGGTCCACCGTTCA-1,6.569888032287917e-08,0.952053277350215,3.263593022055264e-09,0.00019612675701125758,8.456478804399627e-27,1.1779217496172234e-53,0.04775052693030025
AATGGTTCTCACAAGC-1,0.00022740213646946556,0.39767118564784887,0.00029983383469378534,0.4730084967048355,3.6779722963923833e-19,8.160549168710382e-42,0.1287930816761523
AATGTATGGCACTGTA-1,2.169434247548574e-14,4.827451974948731e-24,2.4684697307216197e-25,5.618740394237218e-26,0.9613603890262309,0.038639610973747227,9.93816247897962e-20
AATGTGCCCGAGGTGT-1,6.378976971961368e-24,9.818693064957645e-36,1.8222061481169652e-33,1.7822715298569587e-37,3.1563874898835477e-05,0.9999684361251011,1.1041335728080858e-31
AATGTGCTAATCTGAG-1,3.5365262202925035e-35,9.379751769006383e-47,7.118579889096174e-47,6.422919043292568e-48,4.180244622248997e-11,0.9999999999581977,1.0231477841376086e-43
AATTAAAGGTCGGCGT-1,0.32904557453706257,1.9552374985235958e-11,1.4701136017281146e-13,1.837790556888386e-12,0.670953015796111,1.294260957699289e-15,1.4096452880523028e-06
AATTAACGGATTTCCA-1,0.019971487720410686,0.05321383228898125,6.352556650757316e-09,0.002341410839965578,7.34524572327835e-14,2.756430011019207e-35,0.9244732627980123
AATTACGAGACCCATC-1,1.1706683283566435e-12,6.114587326485859e-23,5.502076489762024e-22,4.144977879195261e-25,0.9998170437456425,0.0001829562531868239,6.240766273561411e-20
AATTACTCGTACGCTC-1,1.535232457446772e-13,8.516173045517557e-05,0.9866773691675581,0.01323742370956648,1.4838860531820123e-29,2.1280967881744912e-50,4.5392266521447345e-08
AATTAGCGCTGCAGCG-1,0.9623124038346906,1.379008451406163e-05,1.2937536259609664e-09,6.3861455851049535e-06,8.016703194753156e-11,9.330925158375953e-33,0.037667418561289474
AATTCATAAGGGATCT-1,0.0003912767277457523,0.0006102514432822132,6.452965141948747e-11,1.640696932333666e-07,4.548285866545547e-16,5.730329355413289e-39,0.9989983076947487
AATTCATTGTCATGCA-1,4.370256530293239e-35,5.545902719698558e-52,4.51877651442608e-53,3.756763467409638e-55,2.4768989601840915e-10,0.9999999997523101,2.23386385147254e-46
AATTCCAAGCATGTAC-1,0.9777703393883574,1.1931896802307838e-06,8.416216135569407e-11,1.0556391761037169e-07,6.078614535609316e-08,5.595448837195491e-29,0.022228300987737017
AATTCGATTCGAGGAT-1,0.0005770840225993482,0.0011152591241035755,2.5306730716797994e-06,1.3787525972759187e-05,1.1721176196753282e-17,6.660504281570661e-41,0.9982913386542526
AATTCTAGAGTTAGGC-1,0.5441340560257911,0.00636588378618887,2.6945986828292378e-09,9.635264626529528e-05,9.010596525018616e-12,1.2021077905109403e-33,0.44940370483814535
AATTGAACGCTCTGGT-1,3.9397302170685625e-05,0.008903148164348213,8.158126528044339e-11,8.753824849255379e-06,1.654889415297933e-20,2.171872552967904e-46,0.9910487006270505
AATTGCAGCAATCGAC-1,4.234530901252451e-05,0.4698174967471501,1.1217367943835033e-06,0.48970547562917255,5.717637993686791e-21,5.822442781193311e-45,0.0404335605778703
AATTGCGTGGATTACA-1,7.582525847671992e-39,3.4967324715737935e-54,8.329828169581562e-57,1.066423883700365e-56,6.721626578973874e-13,0.9999999999993279,3.5078767977342434e-48
AATTTGGGACATAGTA-1,4.250124648502143e-08,0.9831634690801884,2.4257728598456783e-08,0.012140091419030908,6.8132583444122455e-25,6.105346164502826e-49,0.004696372741805731
AATTTGGTTCCAAAGA-1,2.654807039538685e-08,0.9943012305608875,3.4137398434699453e-09,8.110828896420499e-05,1.8278603412788355e-23,1.906955074245741e-45,0.005617631188338195
ACAAACCATGCGTCCT-1,6.711312517713607e-35,1.0040603585504688e-49,4.950219361560174e-52,7.553654082475437e-53,6.1998413329258e-10,0.9999999993800159,4.993377900496247e-44
ACAAACCGACAAGGCG-1,5.688071961355549e-10,0.0002535160304528629,0.00011060247133195012,0.9996356289326888,1.04354796657102e-25,4.563448737680942e-49,2.519967190168978e-07
